14183220506
14186312586
14186555887
14189118179
14188267521
14185904217
13678713964
13673201662
14186452338
15146593811
13678421411
13678077195
14183317747
14184458506
14183198344
14187127542
13678190489
13677753906
13678503320
15144087500
15144597815
15148806317
13672365335
13678027818
15144059435
15143539802
14185746131
14189717072
14187420737
14184388271
13674760136
15147510749
13677451274
14185038034
14182067151
13675214335
13675714272
14186056151
13676269892
14189288763
15149150222
13678740218
14184830137
14188305015
14187274771
13676023770
13674405467
14183219691
13678848045
13672589919
14188102440
14184745280
13678162623
14183143052
13679159058
14187385002
14185377130
15148125089
14184208798
14184301927
15146522859
14183917260
13674795702
13672083765
14184944879
14183183605
15147060380
14187773362
15144725633
14182350118
13679054295
14188458347
14188655566
15145995488
14185975852
13675703815
14185602774
14183010303
15143148309
15142498301
14189536600
13673188679
13673576756
15143126377
13673393947
13672378378
13679593938
13674417223
13678720106
14182560025
14189304735
14182403097
13677309005
13678997337
13678276164
14187144862
15144552829
14183849170
13674774691
13672034927
13672411349
15148903811
15148960213
14185930725
13678298513
14189810842
15144070340
14185070786
15144243350
13673580837
15147154401
14183516749
13674886920
14189098660
13672414235
14186442291
14187522843
13677638970
13674917846
13678073375
14187326621
14185580603
14187839185
15148595267
13675708580
14185771968
14189700287
14182087421
13676835443
14185056042
14184059424
15145479920
13673169514
15148038036
15142493076
13674847707
13679960878
13675140998
14187055518
14182830986
13678713597
14182720549
14188364432
13673927767
14184932893
15146837682
15145897739
15146641516
15142655673
14185532021
14185145071
14185186704
14187156995
13678345595
15142260818
13676585761
13672863527
14186422717
14188760007
14182317950
13677501014
14189661155
14188841501
13678240094
15144271739
13679740510
14185858805
14188112795
13678243540
14189076961
14182382246
13678265206
14183606044
13673321288
14188998517
14184675162
15149971988
14183894081
14183593980
14186344471
13673032104
13676283009
14186127517
14183035108
14182232649
13677999017
13678837477
15142655385
14189988256
13672522911
14189765678
14186570772
14185539681
15148045705
13678210957
15148977181
14185076060
14188542338
14189425773
15149094314
15148955460
14189167601
15146886484
13674030109
14186777560
15144436322
13672013504
14187574377
13677695417
14183699268
14183127182
14182022090
14187270504
13677819513
14187297141
14187547936
13677085835
15148507000
14184679553
15147636819
14187628711
14184482091
14189795146
13672677739
15146186240
14183392073
14189600043
14185107247
15147662875
14187330369
15146838520
15142294756
14186720261
14183576966
14186575563
14188579031
13676905992
15143186457
14183774487
14184972088
14182182340
15144960050
14184600999
15144165846
14187612869
13679370582
15146122161
14189263440
14189452571
13677663477
15145113932
14184972714
15146116855
14187847244
15146981848
14184940334
14182931639
14184437285
13678864661
14185028949
15149578934
14186108296
15144388152
13678948399
14188765115
15145067445
13673015976
14187309220
14183767382
14183166675
14187542800
14183702561
13675954690
13674137095
15148221702
13674025428
14183117266
14184741051
14184655016
14189641541
14188172558
15149620579
13673180324
13673563649
15144455855
13673895463
15142411400
14184669048
13678735760
14187191873
15149611281
13677411635
15147694429
14187137669
14182738655
13672579224
14189874230
13679169513
14189800254
14187321146
15145756527
15142903903
15149988210
14183102874
13672046582
14188898681
14184225440
14183782806
14187124681
15148351683
13674630872
15147976550
13675122424
14183938906
14186042482
15145429929
14188085758
14189666959
15146230582
15145587103
15148525190
13679578292
14183947132
14183115796
13675509004
14182068657
14188101826
13674421062
15143585615
14184667905
13677985296
14184037144
13672936408
13679418516
13679384830
13679622250
14184244079
14182126836
14187541671
14187504486
14182592504
13673737443
13672059970
13675827727
14187548415
14184192823
14183312596
14187495888
15142970764
14187356951
13674057644
15144059612
14187467775
13676147691
15142901030
13673176739
14184748579
13679125341
14183473178
14189741496
15144468714
14183824034
14185310533
13675998525
13672424624
14185702695
13676765270
13674689716
14188349616
13679195708
14189344101
14182085529
14183724284
13673748043
14189769085
13677900145
14183847160
15143799812
14187027101
14187645579
13673017312
14189290009
14186663217
15149932534
14185607911
15147026755
14187003363
15145636962
14182772996
14184040479
14184434615
13679770443
13675893733
14183626985
13672415546
14189547570
15146528831
13675977162
14185789651
14185035596
13676955047
14188422254
14189421344
15146794586
13674507980
14188697267
14187957759
14182826334
15149504174
15145948525
15144947141
13678187942
15143081058
14183117719
13672048894
14186333825
15142000815
14185120807
14183719397
15146616795
15147415224
14183314585
14185171043
15148867744
13672744674
13679295366
13679352432
13679507288
13677395936
14182459786
14187955373
14184786258
14182619815
14189182544
14183129595
14185693472
14184525247
14188926213
14182015170
14183537400
14182150418
14189782594
15145019305
14182626855
14183847788
13672561850
15148946774
14185819992
13676049854
14182649141
14186353145
14189304516
14189281605
15145623062
13677863360
14187519159
14184567128
13674776953
14182547451
14186004172
14183115860
13677800610
13676721119
14188197976
14187704374
14182655030
15142305213
13675827521
13674469989
14187071947
14188759019
15142354614
15143360959
15148000946
14189437197
13672308305
14182954975
14189670272
14187794824
14189040161
13672010971
15142997206
14186118062
14184108605
14186548362
14185746523
14188294039
14184735495
14183152898
14183840481
14184819438
13676463511
14182293100
13677164170
15148123056
14182384713
14182455140
14183364704
14186425056
15144251825
13678731461
14183060769
13672302550
14182135918
14183716077
14185044890
13679297503
14185396374
13674648521
14182796819
15149145632
15147113540
15145862562
15149727657
14183340307
15144081015
13674311465
14187072367
13674107305
15143366363
15142903471
14185562790
14183949055
13677499977
13676239343
13679322932
14183097734
14185852458
15147773018
14186999464
13678530442
14186649267
14184215399
14182523752
14182491070
15142949170
14188977021
15143225841
15145574931
13673811964
14183810799
14184838514
15149705011
13678808802
14184783337
14189113919
15144673033
14182997941
14186640753
14187376410
14183408243
14189859841
14188251541
13674440175
14187011587
13679779498
14189191469
14184838048
15148280807
14182025804
14185827607
14186587233
15145195951
14182302887
13672422002
13676243232
15148509866
14186388025
14188690773
13672877372
14182770230
13677689983
13678046795
14187625607
13672955600
14188083307
14189707220
14184472172
13678349367
14185194876
14187039296
13676521493
13678074928
13678657110
14188029756
13672297665
13672144525
14184377030
13677309951
14182438296
13678104618
15146404496
14186400123
13673957992
13679973371
13676281981
14189814109
14187733713
13673223896
14189418319
14185908410
14185174137
14186583178
13678877407
13678148610
15142398491
15147742812
13677199322
14186994317
13676852376
13675932332
15149907159
14185539378
15145482270
14186452764
14189246316
14189267727
14188294951
13674444783
14187267482
13676599094
15146755751
14183098738
13672775818
15149865763
14189382401
14189352694
15149424949
15147106163
14182312697
13678283619
15149781945
13673627013
13679438228
13672359239
13678003651
15149659106
14188525173
15149219843
13676993600
14189870822
14187507526
13676981579
14184432890
15146024725
14188176727
13677507771
13678883721
13672925278
14185029902
13676390439
14189271142
15146569094
13677154376
13674284493
15144081149
14185613022
15142352032
14188106009
14188998424
13675131535
15149610259
14186633732
15142396895
14183228674
15147002539
14184929890
14183028642
13677380223
13678763251
13677194192
13674547973
14186348789
14183621487
14184191062
15146282307
15146500608
14187963006
14186537860
13674151847
14182137312
14189967225
15142180688
13679201631
15147147450
14183547363
14182306411
14184881309
14183147495
14188216220
14182139777
13679045014
14188790370
14183307491
14187964632
13676519327
13676641405
14184446147
14189974868
13679800152
13673400291
15142972563
13679246517
13672085369
13677864287
14183821447
14184426585
14183310055
14183303856
15148044151
14186314855
15142460334
14187839078
15146142526
15146190028
14184336423
13672783493
13679583466
14183128748
13672413382
14183513104
14187964050
15144466974
13678719734
14183137774
14188442842
13677113050
13674975670
15146649561
14185700877
13678641621
13677295847
14183127708
13674635722
13672638045
13675070580
13673136093
14182681736
14186577277
15142091476
14183594927
14188231814
14188929488
14182411643
14185518682
14184141377
14185150358
14182495252
13678667238
13673654297
15146057155
15143028095
15142056716
14187793236
14187163215
13677622534
13673939075
14185409149
14182804231
15146967368
14186301420
13672036820
14187104035
13672763115
15143028665
14183838763
13674229679
14186547984
15145975991
15144965905
13679319146
14185776005
13677053483
15148332217
13679783955
14187356442
13675549338
13677994373
15142351951
13675130037
14184554113
14189357832
14183549978
15147772905
14182466695
14188587922
14185948885
14184747750
14184676412
13672432115
14182643109
13672621359
14189073609
15142150236
14184210474
15148276010
15143316073
13677873853
13672335981
15148150333
14186647709
14186463881
14182727045
13679527288
14184530548
13676519182
13678809717
14185925966
14183312349
14184656666
14187069212
13675577808
15142067598
14185128680
13672354791
15149954232
13673012513
14189168441
13676680239
14187297068
13678592878
15146983714
13678473935
13675914835
14188959869
13673463232
15146434277
14185818393
13674860255
14183056318
14182592310
15148349767
14183831802
14183414404
15149192848
15143585650
13677552782
14183336393
14182370240
14187876614
15149623974
14189062733
15149956356
15142073544
14185576465
15149508061
13675163250
13679236898
14185586417
14189199988
14184927291
15149417262
14182765848
14184052229
14184875038
14183127810
13672053953
14184064909
14182493799
14189234763
14187006279
14189129561
15143789358
15144589633
14187884976
13673170722
15142382451
13675089579
14182837956
13678893626
14185015564
15148577793
14183107268
14188980084
13673810926
15148126198
15143706402
14182617272
14187557347
14184093257
14183424451
13674140348
14183730975
14182939074
15147463790
14189914227
14185005210
15149951625
15145659763
13677270528
14189642092
13673237644
14189491268
14182680439
15146402651
14188316245
13679602071
14184047240
14189400334
15146613349
13672532015
13675835982
14188054105
14185013381
14186119345
15144916767
14189384247
14184875548
14189998178
13672318027
13676604286
14184938512
13673835165
14189131397
14185147953
13679388425
13679466673
14189635926
13679373708
13673919370
13679554789
14187521380
14187770672
15144015458
13677959525
13673558421
15145539708
14184128194
15148905377
14185727124
13673238926
15146671587
13674644081
13675650144
15142435247
13674633624
15146285316
13672647773
15143288694
13677435422
15146918258
13673839131
13673260989
14184743975
14188134783
13677099228
15147681160
15144113869
13673325826
13674188019
14183366804
14182239478
14184893437
14187724623
15142249878
14185530666
14183757713
13675516322
14187150792
13673097906
13674798665
14186360901
14184430968
14189182171
14186439772
14186912314
14186708538
13679769782
14183751059
14184243733
14188745432
14183198402
15147126715
14182780897
15144799308
14182817777
13675376787
15149264734
14187554898
15147693529
14183426542
14186336967
14185954841
13676489098
14183177965
15149939246
14187930735
15146603042
13679183246
14185776540
14182724723
13679871204
15143731068
15148915364
15142438398
15146649783
14187541423
15146510107
13676674865
13672079787
13677326754
13678428859
14184618301
15147433896
14188116127
14183844821
14182930501
14183479847
13675313091
15142986443
14182365070
15149226777
13675157507
14184754942
14185185880
15146681940
14189375075
13679843188
15144328730
14183012660
15147004069
14185527708
13672445077
14182891943
13678855708
15145580671
13679869839
14188828964
13677447849
14187541516
15146682701
15147603972
13677439623
13679089526
15146164817
14183414072
14184303118
15147056729
15144034766
14186339986
14186074343
14186181188
13677248910
14182566528
15144106606
14185546915
13673149779
13676822576
14187619092
15149863316
14182795880
14188659062
15144414157
14182701963
13676463153
14189478061
13676403140
14188995221
14188226216
13677739858
15145797534
14183178413
13678220532
15144530604
13675422991
13678530437
13674300792
13675701603
13675085070
15146866010
14188070146
14183737654
13678260442
13679722531
14189362058
14187716086
13678500433
14182714717
14188067214
15146878828
14186327841
14188085925
13678295324
14186089469
14189154824
14184094516
14182725695
14182140780
14182839050
13672881334
14182211041
14182652268
13673262286
13672185993
13679462795
13678483191
15149539987
13676680492
14187761065
14186669278
14182508644
13675287623
14187671007
14189370459
15146263718
14184971834
14183318071
14182645520
14188097289
14189819361
13674629008
15145495745
14184344345
15147635800
15146263852
13675434968
15143148870
14183173105
14189354946
13676672290
13672884391
13675301788
14184169896
14187384428
13673347548
14187778944
13673571952
14189242863
13672999591
15148964664
14183766822
15143167511
14182498025
13677298571
14184640466
14187424308
15148699515
14183203847
14188806292
14183407677
14188646321
13672490561
15149474384
14189707039
13673722563
14184673814
13675984336
13674241378
14184715104
15149107005
13676754715
13675577116
13674266162
15143549049
14186649336
14183270800
14183264486
15145350639
13678276570
13679223470
14189256966
15143028482
13675782059
13675723955
15149933238
15143051683
15146865787
14189363031
14185696972
13674682258
13673370298
15148012368
14185329842
14187789612
13676570261
15146133568
14183165805
13674303925
14186369555
14184479048
13673028547
13674868478
13673625551
14185112798
13675564019
13676590267
13677347455
14188503013
15142348121
14182792712
13676770029
14183311178
14189383484
14188591475
15148365185
14183011780
13679982792
13674597856
15146694685
13674607435
15143711631
14185889420
15147414672
15144534602
15145121325
14183144607
15143733627
14188055140
15147455287
14189922559
13672459701
14183464083
13672379101
13678499644
14189056640
13676140907
14183597041
14184191047
13674032181
15146215037
15147105545
14189766886
13679730745
14189918800
13676440747
14182895865
14184020424
14184722084
13677202251
14188973759
15144683172
14183713082
14185356933
15149115434
14183761869
13672972742
13677050360
14187156447
13677083790
14184445609
15145916438
13675368862
13679893470
14187070599
15147515630
14189618303
13676085728
15147011606
14183966441
14185979659
13679942905
14186367708
13677042254
15146213545
13678737074
13679344390
13675518350
14188891641
14188874808
15149155131
14183956328
14184642763
14189711715
14188008213
15148815442
14182069197
14183184025
14182795808
14187779840
14183164086
15149130554
14189349343
15146679501
15143000501
15148570036
15143504789
13679317571
14188011601
14188928176
15148323550
14187779858
13676060722
13673216327
13675885476
14189524183
14188870018
14187513167
14185691565
15147715414
15147405075
13679744951
15143474912
13673681931
14185058361
15145725945
14183576781
13673099358
13677195033
13673804636
14183776251
14189518816
13675303490
14188237475
14182001688
14186181409
13676453245
14183609865
13674749081
14187398785
13672868106
15146831976
14189438899
13675211731
15145018979
13673588450
15148607258
13677577702
14185950466
14184887630
14183579487
15149440233
15145860635
15142121746
13672170298
13673734144
13678956567
14187162931
14187337750
13678387950
15148363568
14186154621
13674753239
15143012554
14183556112
15145697748
14182993930
13674594270
14184795354
13675588106
14183196151
13672148413
14184718500
14188111385
14187412315
14189616234
15148850257
14186597608
14188920302
13679517513
13675491347
14184517003
13676349429
13675966029
13679194223
13675850705
15144147008
14186913848
14183010930
15142427782
15149742863
15146517977
14185169032
14182163071
13672433000
14189309884
13674612573
15146591394
13679100410
13679898482
13672386715
14186518521
13674014609
13674369224
14188725450
14183896017
15149974489
14183502500
14188086643
13673226828
14188208181
14185031442
14188021836
15146471232
14185099854
14188162231
14189538033
13679565972
14186056298
14189532238
14183533708
14183316085
13672891153
15149926730
15146849720
14183441788
14184420673
13675549202
15148298236
14187989635
13677803800
15148560079
13675227772
13672249110
14185110211
13674930412
14187868992
15147811334
13676969179
13677877817
13677130107
13673104922
13679353317
14187924488
14184319976
13678796428
13675533127
15142330281
14187545454
15143199186
13674080305
14183464349
13674323155
14189941235
14185866436
13673341939
15149937574
14185981731
14188521158
15146591303
13674635615
13672111297
14189046295
14183725808
14189911132
14186763406
14187305766
15142456459
13676230222
13673561597
14183213345
13675725796
14184073185
13675393174
14188474189
15142128574
13679555072
14182585590
14188618068
14183608211
15142202744
14189216114
13677399362
13674249943
13677685594
14189868792
14187761548
13673268985
15143759604
14189559636
13679595277
14188645328
15147066647
15146155475
14182208955
13674104772
14184053576
15143107501
14184522473
14186976288
13676622021
14188760565
13673290903
13679311703
14187535097
14186447454
14184420744
14182898597
14184445124
14187948175
14184909951
13672053732
14184014389
14185610186
14183893041
15143724534
15144534094
15143577513
14183757441
15146010648
14184502758
13672844191
15146896170
15146117368
14184194946
14189576208
14183795031
14185561910
15143185676
15145528211
13677445154
13677482499
13675820759
15142298157
15143709333
13679079848
15147724909
13677747963
14189499591
14189169640
15147724451
14189201852
14188906259
13676216738
13672657236
14186016162
14184709049
13679041220
14186162455
14182290653
13673346926
13676037717
13672561054
14187673384
13674630665
13673802219
15144738999
15147735136
13675366904
14187885752
13674479464
14182292761
13676533314
14182417736
14185885254
14186120136
14184193074
14186445635
14189576773
14185800711
14184936601
15145706156
14187294434
13679838726
14189958978
13673348139
13677554574
15147933775
14183958720
14182685601
14184345982
14189818147
14189931656
14189535556
14184185579
14189550846
14187164684
13675119612
14184070353
14188154837
14182803329
15143149461
13679726389
13677440240
13679953759
14183759300
14183769596
14184435739
13674459977
15142431895
14187707426
14185800665
13677925500
15149464606
15149284298
14188728191
13673588552
13676134982
15146643673
14183749986
15145164695
14183525901
13677167039
14188125292
13675209550
14183902932
13672148529
13675180617
14189897679
13675047529
13678136146
15149693784
15143518445
14189856654
13672680369
14182849107
13673801506
15146145412
13677264150
14185155919
15142035910
14186323475
13672871367
14189705526
13677977724
14187984472
15144710773
13672796346
14185869784
13673598002
13673318388
13676210349
15147458894
14188934168
14188158151
14184382774
14185921312
13675774636
14187278201
13678941821
15149582346
13676879078
13677423085
13678511214
15147455240
14182408978
14184258457
15144113067
14182917467
15147777358
14188133607
14189499421
15144378954
13675007258
15143551139
13678174014
15144575722
14183998271
14189453903
13673810873
13672571361
14183120970
13674446769
14185083285
15148064721
13677529532
15142673912
14188449065
15145422247
15144626800
14182828107
15146329580
14182580362
13679790809
14183335527
14182527879
13674599085
14185521603
14186351257
14185780143
13672645832
13674206350
15149925008
14183153701
15144504781
14186632827
13674430997
13674871414
14182584055
14185706062
13676430354
14186369482
13674233439
15149724002
13676324821
15146897122
14186128870
13676922751
15146350291
14184304186
15142682283
14189936989
15143383250
15145386254
14185180239
15145831096
13676241442
15146871427
13676871792
13673725760
13672009473
14183991013
13679421293
13672062177
14184099176
13674603443
13672128042
14185030250
13674507575
13677983687
13675254650
14189396745
13679101276
14187623310
13674038353
14183168197
13678531319
14182258042
14184558855
14184628860
15146068267
14189193796
14185958237
15147746704
14188949679
13679438349
15147132548
13676147418
14188209197
15147654443
13675328322
14182680190
13673374155
15146464758
14186704411
14182177330
14183081671
14185507720
13674145342
14184215320
15148827293
13679154069
15147462401
13678503987
13678886888
13678006415
13679954499
14183163881
15142447086
15149262614
14182815819
13675320616
13676476675
14189955933
13676979746
13678379859
14184476714
13679082979
13675405532
13676003710
14189443991
14184538009
13673576230
14189582461
14189818357
13676477041
13674933095
14186526662
13679295030
13675875432
14189181395
14183596192
13674379867
14189470943
14186741763
14188454144
14183026420
14182022518
13678970998
15142398848
15146230431
14185864512
14187350476
14188791932
14185321395
14183339063
14183398461
13675973560
15149469527
14187394210
14183523243
13678790558
14183298638
15147866265
13674805513
14188927546
15145856388
15145706107
15146899580
14183779148
14188253209
14186159756
15146600328
13676072854
14187306227
14189226625
14182625198
13678629822
14184830859
15146744131
15147189340
14187547309
14184671859
13673458948
13673433660
13679562461
15142433676
14188319147
13674789625
15143141875
15149504183
14189275524
15144477044
15144387921
13673371257
14182888072
13675992696
13676761427
14188728222
14182423719
14184448314
13676463891
14183742447
13674680496
15146822437
14186705445
14184587734
14185951492
15149763734
15144415860
13675329965
15144378131
13676654775
13673763328
15147584240
13674332894
13675147828
14187899182
13675817150
15149514835
14187936538
14183014519
14182553476
14187894129
14182947828
14187311208
13675025961
13676191989
15147864959
14187877680
13672634168
14189507316
15144216635
15143543184
14182918123
14183034277
14187204731
14183442228
14189308177
14182828532
14182991263
15144477315
14183761215
15146822365
15144576116
14185929454
13679504754
14182455212
15144555477
15148010331
14188032102
13676132862
14183712809
15146495024
14188310788
13678705340
15146091060
14184112403
14185742896
14183728503
13673640301
13677175176
14184694387
14185043584
14187131179
13676824704
13673430723
14184220108
14188725006
14182347618
15148872457
13679141547
13676855586
14186917806
14182399166
15149155451
14186918945
14184135859
14188970401
14184119248
13676717811
14185109905
15146297258
15145812987
13672880926
14186040102
15146066389
14189173633
15147903190
15149933844
13677608503
14184666464
13675669589
13673978118
15146535186
14184200925
15149624712
15146935158
13676501428
15146158193
15149260288
14188960920
14187973145
15144597536
13678851656
14186584688
13674586652
15146260767
14183039142
15148823986
14188525712
14186424737
15144416079
14182340484
14182712321
13678565199
15147456494
14183194870
13676555853
13675709752
14188827770
14185587565
15144249222
14187944222
15147814922
13679025975
13678695221
13677441092
13679797987
13677699586
14189337553
13678947001
15144405437
15147747402
13679460049
15142264096
14182223257
13673781998
15142485207
13678218631
14189810508
14189707086
15143750066
13672633556
14187162283
14182122941
14183415067
13675049029
15149212360
13674901705
14187189170
14183318475
14185772365
15142097862
13673920546
14189499076
14187113795
15144628750
15147821089
13676715771
13676475284
14186562859
14184718824
13674501363
15144348200
13672907022
14182259957
15147168016
14187188862
13677020477
14186754779
14187465030
14186318117
14185825726
14188436567
13677748084
15142196158
15149659072
13675023169
14182882627
14183741232
14183178082
14186105314
14182039466
14183714986
13673022242
14184947739
14187371758
15145510071
15148118074
14183518879
14187778309
13677381942
13677401492
15149559659
15145902190
14187036473
14187374471
14187976580
15144410170
14188225056
14183550570
13676290297
14182182792
15143578605
14184525390
13676415356
14187124309
13676658643
13672369209
14188890644
14187145282
14189076883
14186549279
14187683081
15148361713
14184853161
13678808094
13675225454
13674992641
14187949081
15145971461
15148969958
14182673865
15142032553
14187347619
15148693223
14182589930
14183951621
13674417195
15147672827
15148853780
13677813954
15148393619
14183948686
14187030384
15146492972
14189563149
15148857354
13677597607
13675708956
14186449803
14188349526
15142088293
14184112860
15145157174
14183889283
15149957525
13673879653
13674324804
13676996647
14189594615
13676134765
14189734216
13678083444
15148352081
15145631572
14187721957
15146851180
14189875460
15147745289
15143128493
13677351861
15146913424
14183634784
13672401515
14187316877
14188930312
14184478646
15142123871
14182238073
14182139016
15142433774
14188585476
14185719705
13673177940
13679905387
13675560088
14189926310
14186108916
13677764775
14184422576
15145841888
14186133079
14182411697
14184544524
13672731067
13673332725
15145503586
15147115956
13674724672
14185757859
13673624522
14182045346
14184228836
15146103388
13677631162
13673596879
13674698950
14185947423
15149252006
15143738546
13674881027
13672059719
15146735708
14182458490
13674152076
14182307234
14188194122
13675496414
14185071044
14183954022
14188422266
13672295922
14184672415
15146279940
14185137284
14188409391
14185939466
14189387958
15144918680
13674856295
13679986083
15145733257
14189901092
15142920048
15147749704
14184746837
14185973745
14189473927
13672795596
15144050712
13676239102
14185553428
15142616244
14186973067
14188927146
13672489496
13676553270
15147554812
14183601132
15149246188
14185314642
14186377544
14186041732
14189552073
13676249061
15147577163
15145717188
15148946241
14185883338
14189841467
14188312405
14185710659
14183198569
14186721914
14189833409
15146548262
15142436067
15147107256
14185466864
14183916855
15144965530
14189078270
14189371697
14189530699
14183729623
14185393761
15146122010
14184975442
14182200866
13673541959
14184058306
13674476727
13675781713
14184345942
13676246100
14185357715
14185023431
14183717223
15149927853
15146778851
13675368704
13674336777
13679822134
15147044164
14189441793
14189905339
15149578967
13679870914
15146824966
15148928339
14184600376
15148380441
14188202314
13674609714
13676889390
13679469308
14184632325
15146260795
14186509016
14188341899
14184369727
14184067601
15142457228
14188913134
13679699895
13674709489
14187438931
14187153339
13675226632
13678061814
14184456439
15143475510
14187397986
15146663717
13677031662
14189404103
15142176176
13676630774
14186071301
13677214717
13675902412
15149882696
14182561795
14186397219
15148851429
13673800387
14184830413
13672493162
13676238638
14185074758
13679497389
13679692014
13678293638
14187675050
14183090353
15149537427
14183453924
14187975184
14182495576
14185761920
14182312346
14189127358
14188150053
13675506260
14184060234
15147003411
14183571289
13673033554
14186749382
13677340744
13674019743
14183474912
15144554084
15149462370
15146878815
14188794624
15142162739
14187871084
14189575648
14182436862
14183451240
14187421606
14189548466
14187120795
14189068473
15146806674
15147069866
13678422797
13674954927
13675791425
14183620098
15145127011
15144472524
14187318799
13679093977
15148679563
14188251968
13678034983
14187437038
13679665880
13676345282
14185922493
13673192274
15145735315
13677828637
14189881316
14185114778
14183417716
13677049857
15142933149
13674982994
15146044823
14182387066
14185884016
13673976576
14188014324
14185947999
14188072841
15149571742
13676103981
15144439905
14183110753
13674353521
13675353263
14184029650
14185911577
14189317295
15148084283
14185104949
13677578319
15147971822
14185195566
13676743337
13679785931
13675485178
15149838815
14183996909
14187176940
14187512931
13675439005
13675816265
13673411564
14188036457
14185756430
13673318133
15148506101
13677371513
15145533586
14183477383
14189280250
15142071642
14187497033
14188430118
13672854211
15146561952
14188061563
14183890726
14184973894
15144368032
14183348748
13679962055
15144799836
14187888747
13674606799
14184101638
13674505529
14186457194
14187134094
14186722581
13678936485
14188931275
13677467611
15149729671
13672958468
15146829542
14188142377
14185139285
13672936247
13672428526
15149174701
13673566767
15146960150
14189371483
14188959908
14187109613
13675248709
15149767574
14188145017
14182035111
15147164214
14189982014
14182058588
14186124588
14188437829
15142384235
14187163138
14188008132
14189800382
14184632501
15143254717
15144033200
13678237142
15145700252
13672600043
14184538948
15149655030
15145060448
13677932132
14189389928
15144216437
13675652938
14185103381
15144291964
14188615121
15145833818
14187163006
14184363311
14189208956
14183153517
13677381870
13679449885
13675258291
14185081636
15142910000
14182163659
14182152730
15149418265
14186058524
13678786880
14183313984
13678715317
14187052946
13673006745
14182996616
14188034815
15144450252
14188166258
14185619778
13678450646
14183014628
15145971849
13676267872
14187281846
13674044464
13674392547
15144137087
15143061445
15143217308
13678382032
15144102648
14187972286
13676084923
14182887037
14188113003
14183071192
13674081930
14182888961
13674613796
13676322600
14188064067
14184208949
14183261390
14184981019
15142193435
15143419492
15143140939
14187834488
14184248960
13676741548
14184344262
13676177498
13675125572
14182045918
13673999556
15143113498
13673395630
13675731682
13674582545
14184068225
15145604004
14182676315
13679799433
14186760118
14188435077
14184703474
15147035538
14189781841
14183791613
15145357990
15144701120
14189052312
14183156579
13675531832
15142692499
14184500681
13672532537
14189893728
13677929503
14182381397
14188037709
14184610145
14182718944
14188664730
13679366185
14183793902
14187706016
15146891321
13678718689
14186357197
15142318435
13677093559
13676060760
15143278115
15144012926
14184811208
15149248021
14187553710
15147804448
13672307709
13673200298
14183011644
14184483863
14184125312
15148959751
15149142795
15147645481
14184003713
15143551187
13679675603
14182196354
13673711854
13676886716
14185194632
13673191649
14187008891
15144692242
15143758635
13678217952
13672905557
14186137091
14182984995
14182004221
14182600302
13675598919
13673447788
13672691333
15145515897
13673291740
15143712404
14187885109
14184969840
15142949195
15146013213
15145894359
13675983470
14185511262
14189071619
14189918408
13672612048
14187555797
13679431837
13677343729
13675980288
14187083755
13675429216
14184380923
14187783530
14183799140
13677650642
14187388386
15148316807
14183230635
14184381802
14189360670
13672273276
14183820541
14186726802
15145136871
14189933153
14187655979
13675607818
14189022722
15143322135
14185640724
13675153939
14183789754
15146790393
14183248192
15149138619
14182909697
13676129925
13679619372
15143029929
13676936981
14184506385
13674570256
13672184987
14183846065
14188525931
13674384364
15143419768
14186000965
14189043516
15145499200
15146074098
15145860639
15149019633
14183178580
13673658607
14184472740
15148012164
15146685132
14183582434
14183429349
15148215997
14189350652
15144426568
15142220914
13674424123
15149795073
15142403144
14182125729
13678374341
14189603507
14182615401
13674516875
13676446590
13676167606
15144643143
13678893667
15148917203
14188123088
14189978406
14184294771
13672639573
14189800109
14182823051
14182558873
15145129780
15143504732
14185048396
14187850104
14182903099
14189902284
14182151708
14188648333
14184371513
13672817381
15145804558
14188440128
14184554782
15145054865
14185717747
14188250694
14184799959
14187760792
14188706213
14189717061
13676042289
14188148726
14189439372
13672185110
15148854707
14183615350
14186595535
14184293482
14189383909
13675435662
14183619509
14182182471
14187359584
13672827402
13678464599
15145304619
15147733777
15146814880
14188836876
14184208103
14189124996
14189941522
14182458886
15148816272
14182803510
14184783153
14182344545
14187478281
15145807128
14186529556
14184920450
13674236219
13673873894
13674191013
15148529299
13679186708
13675602212
15148672050
14182988454
14189303265
14184609975
14186722569
13676493525
13675272948
15144033572
14189891778
14183456741
14183957702
13675241431
14187961232
15143188089
13672565360
15144297604
14183919338
13672358907
15148294282
14186526919
13672659096
14188225711
13678472797
13677314765
14184930438
14184139670
13674746205
14186972470
14186106561
14189267510
14186669536
14182200872
14188049898
15146095803
15147854762
13677675980
14189558751
14189826719
13674512211
14182195663
15145310607
13672003136
13674590751
13678091933
14185917303
13678579983
14184651139
15145317325
15143588460
15147548689
14184633758
13674686810
13672282474
14183886819
13679060222
13673519281
13679769796
14189795381
14184132215
14183063657
15148513581
14186556452
13679941186
15149674190
15146725847
14188655428
13678779169
14182584488
15148168818
13674739336
14185810573
14189827611
14183171314
15147068774
14186575556
13677972434
14185400873
15144114588
13678232120
14184837618
14185014498
15142643992
14183026480
13675501181
14188944179
13679730118
13677542089
15143005362
15145575427
14184473457
13672247457
15149688776
15142037486
15145594920
15144449342
13675135439
14187336895
14189690923
14185915791
15144570357
14188287360
13677994405
13678705502
13675556391
14188268595
14189799273
14186469496
13672166307
14184685005
14184121576
14182390040
15146932605
13672207958
14189164901
14185147741
15148607143
14183078099
15142664845
14185528626
14189097635
14185768047
13679185940
14186078523
13679804244
14182983430
13673232972
13679723483
14187846808
13679467097
13672086366
13675607035
14185774104
13678087523
13679966570
15146615280
15145139448
13673337567
14186723653
14183575345
14187087097
13679140805
14183101825
13676663998
15146265328
13673916620
15142317049
13679353172
14185128643
13672188920
14182258805
14184818110
14189259064
15148975436
15143468690
15145159768
15149849194
14183245250
14189896862
14184127254
15144472370
13675069941
14188893385
15145927635
14184629143
15143078984
15143490489
14189587113
13679419444
14185309498
13679548125
15144735596
15145708382
13673087366
15142297628
14184982157
13674715322
14186709323
13675305817
13678669061
15145374050
14187432609
14189703129
13675816810
14185001322
14185335971
13674876800
13676902511
13679566119
14189565405
13672672647
14186320894
13674826386
15146265669
14185188806
13676461473
14183016011
15148828272
14187990591
13676721479
14185823063
14189675038
15148935339
15142326862
15142265311
14184902905
13677702680
14182722461
13678216952
14188141620
15143779835
14186644907
13672541172
14183428063
14189311211
14187760494
15144469545
14184435053
13678123195
15142969436
14183269937
14186565629
15146998234
13674257876
14183830439
15148572083
14184816899
13678391638
13679441341
14188224258
13676602914
13673807887
13679292462
14185796236
13677374616
15144471762
13674946002
14185738303
14189615100
13672933855
13673852889
13678832403
14184704512
13676984440
14186170428
14183474577
14189097557
15147099971
15143553486
15146536959
13678182994
14189420895
15144679820
14184783944
14183662697
14184659440
14189282425
15144546987
14189674709
13672376788
13677952335
14185156865
14183205720
14184915682
14185058298
14183773862
15148081922
15148226856
13678950638
14189874110
13672464707
14186717502
15143717402
13673043912
13679893052
14182654046
14189402355
14189705755
13675916862
15142128957
15149944187
13673497297
14184671646
13678382369
14182627594
15147647388
15142000976
13674122218
14184610636
13673853165
14184909722
13679314819
14185839192
13676514928
14182736217
14184303433
14185066367
15147755827
14189090383
13675686795
15149516631
14182688271
15146190209
14187580315
14188423418
13674492828
15147463885
13678031834
14182610798
14185071129
14188295135
15148335660
14185091655
14183309466
13673461855
14182068198
15144361631
14184223966
14183798964
14189458310
13676424078
14187524703
14183072187
13674896950
13679386759
14187652035
14186133815
15145927460
14188554773
13674282782
15148955589
15149097568
14184196944
13678093926
13674347656
14183817881
13677554439
13675529411
14188700396
14182798279
15147932151
14189071115
13679312218
14188424904
13674930416
15142186104
14182884567
14182366221
15148855163
15149210959
14182250572
13676745841
15142388775
15149253633
15147404888
13679374216
15145880150
13672803731
15147973092
13675424497
13676528955
15148111470
14187792495
13677903854
14188466676
13677548145
13677700144
15147523727
15144676097
15146041126
15144759837
14184372544
15149789196
14186057281
13672308149
14185760468
15146247184
13675828367
15145732690
14189080719
15145870085
15145141346
14185712214
14182059885
14182996414
15142219025
14184548710
13676314201
14182975968
14186056635
15142296969
14189919354
13679464742
14183734598
14184609333
14182254040
14182169151
15149250929
13678236442
14182465033
15149150108
14189228352
15148364866
14189065236
14187792746
15144088065
14189539071
13676233547
13674123692
14183000273
13676853182
14183835570
13678149081
13672843458
14188390949
14185755807
14186514617
14185812241
14184615081
14184132928
14189472247
15142082944
15146476151
13672556193
14183122255
14189673384
13673592495
14183960356
13679853982
13673377409
14185076512
14188188165
13676862603
14182404568
14188296374
14186055107
13678890483
13674849167
13678467352
14186387654
14189972013
15147822498
13679482824
13679475878
15144460344
15148367630
13678906791
14185516201
14188988807
14189868863
13672611428
14185173244
14189740134
14187064570
13678644089
14185806287
14188022808
14183107975
14189707038
15143581162
14184892365
13676676674
14189952057
15146492558
15146152039
13676370320
13678192525
15144779881
14186588196
13679589958
15143389561
14188955764
13673339474
14184798340
13674440227
14186556058
14184723622
15147531849
14186758293
14183548488
13672412486
14183824335
14189807301
13674251295
14183061368
15143489446
14183943200
14187991714
15143021352
15147750804
13672642486
13679032800
15145796236
14186444685
14184217291
15144412577
14184079956
14182712561
13673669725
14185300045
15144902702
13672428405
15147545223
14184551282
14182003659
14189529911
15146281165
14187841342
13673071533
15148110084
15148901048
13673997544
15147757124
15149687413
14187261655
13679338430
15142996693
15148521392
13673219246
13676057605
14182996436
13677432199
13676141680
14189063685
15142410963
15145914399
13678611096
14183939745
14188403538
15147184106
13674263152
14189928044
13674691914
14183443233
14189021258
14189856397
14187201533
15148374415
15146106752
14188044530
13678628598
14184992091
14187463726
15146411313
13677740891
15146516204
13677899362
14184517199
14187839225
15142473861
15143219307
14183623971
14185189155
13679626828
15142462472
14188760394
13678601508
13679519766
13673559283
14185971152
14189801065
13673181985
14188709936
14189245133
14185825156
13673516310
15143288050
13678596444
15149145159
15146629196
15142033649
13679736231
14185976805
13679314099
14184100687
15142603119
14185858688
13672907859
15144779424
14183069363
14184564015
14189890841
13672232508
13676466735
13672770343
15143725118
14185848139
15148393702
14182440291
13672051623
13676521873
14187169997
14182766662
14183675267
14185547540
15147731672
14184684050
14182462452
14185401410
14189036077
15146992143
15145894070
14182399285
14185536182
14183166822
14187053040
14184554663
14188545180
14189662177
14189780603
14189378914
14183750574
13673629131
14189460249
13675307192
14182438922
14189257348
14184318980
14188767627
14189207398
14189952472
13678620082
13675700378
14187349225
15146520318
15148935611
14189427362
14182448238
13679709947
14188452305
13673273531
13678749367
15142647214
14187118304
14189270042
14187179972
14188263553
13673341342
15148883697
14186340277
14183273492
14188457675
15143552856
14189538907
13677088126
14182399324
14182189939
15146115813
13674588748
15145833311
15142618584
13679150168
14188897718
14185922619
14188318106
15143731120
14188131316
13675251594
13673395533
14182077399
14182977683
14182970760
13673401777
15145370616
14183390171
14184889454
14182002007
15148603743
14185521116
13676196601
13679013289
15148945443
13673298573
14188117466
15142322428
15148039396
14185048116
14182256432
14182625814
13673844460
13674393582
14183094649
14183220850
14183155491
14187193272
14183749720
14187475937
14189384831
15149794028
14189102851
14182065727
14189809159
14183204213
14187920851
13678456153
13672148648
15142936715
14189649203
13675017352
13678262698
14184852613
13676601502
14184299396
15144479350
15149498227
13676007474
13678780055
14182161206
15142469343
14187380522
13676549411
14187420554
14187420377
15147992412
15144144250
13678361470
13677385719
14184331250
13679533634
14187394133
13678417989
14187321142
15143793110
14189798390
13672960157
14188302137
14187322766
15148986562
13679679265
14189938521
15146540305
15149424790
14189603623
15147936307
15144080083
15149005228
14183603160
14182371545
14187208764
14187305717
13676941910
14186175093
13678631024
14189006044
15147539658
15143095051
13674285180
14183081660
14183989516
14188503865
13674936012
13678545149
15142414793
14183535836
14183944795
14184043174
13675160893
14187156040
15145357366
14189174555
14184941654
15148867968
14189659657
15143078273
13672337646
15149832998
15147113408
13672129137
14186335234
15144745623
14185328606
13675818720
14189520109
15149156126
13676428637
15143175510
14189232977
14182437707
14185609638
13676377950
14183361609
13678957583
13677939451
13678260443
14185604319
13679374572
14185531655
14185158806
13672419408
14185787056
15145713842
15145741394
14187205354
13673559254
13677842179
13675903608
13676244503
13677449399
14182848949
13678879311
15146010529
13677028889
14189910030
