+447925213872
+447926028570
+447514153802
+447381450449
+447764697337
+447106743124
+447513673387
+447106905172
+447764640109
+447521660396
+447925555923
+447513767145
+447764361082
+447106883547
+447926272012
+447514480843
+447381452833
+447764007863
+447106824460
+447521085802
+447764020640
+447925155695
+447106341220
+447513790285
+447381484775
+447514565016
+447764873401
+447926354364
+447521891211
+447106832164
+447764519339
+447106235131
+447925610799
+447513687713
+447521187507
+447514247508
+447106073059
+447926554713
+447381595884
+447764499178
+447764606972
+447513432890
+447521601710
+447925283949
+447514904177
+447926058612
+447381004623
+447764656838
+447764116217
+447106249049
+447106399376
+447513009110
+447521449749
+447514152556
+447764445339
+447925972282
+447381001952
+447926979627
+447764020713
+447106947326
+447521236586
+447513314104
+447106293288
+447764925495
+447514342983
+447925592176
+447926905341
+447381067974
+447764924050
+447106081543
+447521935637
+447106712782
+447925141198
+447513508869
+447926026644
+447764471426
+447381151632
+447764016275
+447514949302
+447106496708
+447513715977
+447106186823
+447521450010
+447764066641
+447381319356
+447764115230
+447514202843
+447925704219
+447926409468
+447106071291
+447521391120
+447764719249
+447381177546
+447513898516
+447925678550
+447106545784
+447926777022
+447764106886
+447106909266
+447521019181
+447514371308
+447764806425
+447381317281
+447925342038
+447106220914
+447513968471
+447926193122
+447521996724
+447514619154
+447764050535
+447764487459
+447106736313
+447106149859
+447381842350
+447514004344
+447513426958
+447925366471
+447926159501
+447764938153
+447521003323
+447106458418
+447106343273
+447764324278
+447381015198
+447513292712
+447926514542
+447925615784
+447764678348
+447521486526
+447106978626
+447106687237
+447514469614
+447513984647
+447764061400
+447925350231
+447381782285
+447764148790
+447106807520
+447926330853
+447521362440
+447106729104
+447925060661
+447514899136
+447764078684
+447764362064
+447513998265
+447926044366
+447381006261
+447521208800
+447106332165
+447925052761
+447514973496
+447764650350
+447764399466
+447513765131
+447106518189
+447926678994
+447106612346
+447521955353
+447925871962
+447764819226
+447381034383
+447514628188
+447764172140
+447513991073
+447521199738
+447106640809
+447764756791
+447926117530
+447106066587
+447925222825
+447514206478
+447764705114
+447513684890
+447381301538
+447106546923
+447926821782
+447521088728
+447764457818
+447514232999
+447764766810
+447513618586
+447381275843
+447106723400
+447106957308
+447926898724
+447925095557
+447764471453
+447514752986
+447764958313
+447513999937
+447521515772
+447106439957
+447925297976
+447926029557
+447381737887
+447106204317
+447513072380
+447514716280
+447764601808
+447764767943
+447926155138
+447925125728
+447521247939
+447106120698
+447106242918
+447764360797
+447513829628
+447381606252
+447925745977
+447514987790
+447926759182
+447521938796
+447106517514
+447106544956
+447513311766
+447764688617
+447381864914
+447764888148
+447925656915
+447514349825
+447926499438
+447106238386
+447513273113
+447764837938
+447521049415
+447106237828
+447381896961
+447925178247
+447764438447
+447514783724
+447926960625
+447513347192
+447764104042
+447521321622
+447106781257
+447106375886
+447925759013
+447764240484
+447514830967
+447926914575
+447764759565
+447381191012
+447106454294
+447106715775
+447925062467
+447514068535
+447926152097
+447513827006
+447521380543
+447381947386
+447764491918
+447764013699
+447106736909
+447925217259
+447514199332
+447513436063
+447521520164
+447106814809
+447764941348
+447926709927
+447381139528
+447764223795
+447513084616
+447106820818
+447764488309
+447514591282
+447925555527
+447926881385
+447521182147
+447106608704
+447381275597
+447764068108
+447764814968
+447106426016
+447513426236
+447521097248
+447381947574
+447514327043
+447925959398
+447926017962
+447106940669
+447764008116
+447106493122
+447513943098
+447764713146
+447521720483
+447381097123
+447925168945
+447926482118
+447106142746
+447764149030
+447764297124
+447514422057
+447521056816
+447925834150
+447106658686
+447513976091
+447926228534
+447381855939
+447106591659
+447764438720
+447514599621
+447521671942
+447764943145
+447925843920
+447106854539
+447926124724
+447106009802
+447381714214
+447514807029
+447764524281
+447521913252
+447513988035
+447106765969
+447106890102
+447514931018
+447764534011
+447925378878
+447926366591
+447381100057
+447513209290
+447521279711
+447106754856
+447106023874
+447764388360
+447764528617
+447925830213
+447926888949
+447514071291
+447381618685
+447521178310
+447106503268
+447106465349
+447764911927
+447925086976
+447513478305
+447926725573
+447764568789
+447381050172
+447106018080
+447764665238
+447514614654
+447925048021
+447926307066
+447521067374
+447764036754
+447106481045
+447381978717
+447513685072
+447514006379
+447106511021
+447521510082
+447764459513
+447764762404
+447381781011
+447925408078
+447514956248
+447926524443
+447106597765
+447106720467
+447513163067
+447764763910
+447381008557
+447521420626
+447926352133
+447764343568
+447106746069
+447513448192
+447764246067
+447925560238
+447514755563
+447381019084
+447106602929
+447521713101
+447926083165
+447764532493
+447513842314
+447764813458
+447925945406
+447514359116
+447106306481
+447381953658
+447521550452
+447106797980
+447764898825
+447926165916
+447381838538
+447106921569
+447925782355
+447764682258
+447521240496
+447513912193
+447514419472
+447106290065
+447764662663
+447106464680
+447381061471
+447925773572
+447926578686
+447514589130
+447106588802
+447764691519
+447513202495
+447521472193
+447106695590
+447764862609
+447926861083
+447514348181
+447381041884
+447106654901
+447925530444
+447513707349
+447764796508
+447106459284
+447764613449
+447521853843
+447926109425
+447514369547
+447925793140
+447764114159
+447381261658
+447106404360
+447764557024
+447513683204
+447926218121
+447514036728
+447106438522
+447925414704
+447764581399
+447521807307
+447106533573
+447381422179
+447513928949
+447514660611
+447106305933
+447764904733
+447764683254
+447521022849
+447926971596
+447381800883
+447106458464
+447925817233
+447513820140
+447514615585
+447106632579
+447764462681
+447521790551
+447926855388
+447381457096
+447106446607
+447764905104
+447513086721
+447925165218
+447514043103
+447106068420
+447764193689
+447521372096
+447926373405
+447381260254
+447106594272
+447925788361
+447514645976
+447106031228
+447513939526
+447764579037
+447381325463
+447106594411
+447926947410
+447521117132
+447764258106
+447925995668
+447106990154
+447764348426
+447514112448
+447381098355
+447521403808
+447764441052
+447513795410
+447925106115
+447106011361
+447926541637
+447514853068
+447381432884
+447106637486
+447521624452
+447764438104
+447926615087
+447514585453
+447925048538
+447513765745
+447106138502
+447106052394
+447381635082
