+447710774723
+447725427688
+447740683452
+447569598914
+447845770203
+447784821299
+447560299612
+447893790218
+447704858005
+447894095946
+447599678082
+447702470876
+447895308666
+447597241068
+447873657308
+447894579335
+447793370274
+447598781180
+447548315088
+447394184298
+447511740549
+447801398678
+447873500240
+447708546266
+447725308613
+447545077257
+447902036207
+447595514137
+447106121123
+447708654591
+447821315094
+447518286887
+447850319274
+447841216489
+447514546139
+447802643834
+447926378032
+447759890596
+447894331324
+447843384403
+447596285813
+447702098149
+447821825174
+447743848858
+447871490030
+447595735859
+447564116701
+447955641959
+447510226391
+447716383401
+447872575723
+447923335694
+447885802934
+447515430075
+447708824706
+447514810854
+447543516502
+447938738442
+447761230225
+447793439195
+447513826523
+447938075786
+447809070109
+447933072423
+447764897572
+447566246697
+447395060345
+447926160338
+447560199984
+447510465724
+447716428067
+447761599208
+447860388285
+447521579962
+447561710944
+447544884295
+447738713787
+447925742485
+447793922386
+447783585149
+447933346945
+447510026473
+447923299912
+447936442356
+447590431482
+447106335391
+447705976030
+447739141466
+447851393398
+447889468903
+447593802569
+447889776174
+447706327904
+447933270009
+447513155588
+447802881846
+447521723678
+447522990553
+447809514620
+447707769275
+447801516050
+447548315088
+447802394298
+447523325039
+447568404077
+447704244935
+447591395916
+447889275653
+447850563177
+447821575165
+447756612162
+447864206083
+447955852468
+447955825820
+447926378032
+447381434056
+447523580416
+447857492770
+447926160338
+447542718698
+447568476249
+447740262237
+447856255162
+447510034603
+447809803972
+447764910707
+447563056032
+447751202341
+447489062463
+447764460184
+447740620969
+447926078109
+447784233076
+447759360757
+447902224450
+447740209434
+447764724749
+447514809167
+447599848300
+447381817564
+447902369564
+447759366228
+447784761175
+447381300456
+447599828456
+447740603222
+447740359726
+447926215934
+447514097358
+447764571871
+447759310694
+447599535434
+447902168875
+447381222582
+447784402189
+447740295883
+447740210472
+447926306051
+447514004758
+447764643533
+447759381256
+447599786377
+447514961617
+447902649719
+447381848364
+447784494315
+447740884506
+447740847705
+447764429232
+447926470522
+447759047014
+447514721814
+447902730952
+447381430209
+447599137279
+447740491970
+447764883486
+447740304512
+447926072350
+447784444406
+447740847487
+447759637446
+447381769230
+447902812609
+447599593552
+447740444021
+447764397989
+447740633315
+447784821857
+447759500325
+447381691827
+447764292719
+447599609018
+447902085565
+447740508700
+447784460023
+447514342670
+447926796675
+447514677088
+447926986823
+447706645626
+447871756008
+447902967505
+447518538704
+447740715538
+447759074959
+447821542605
+447381925195
+447902836443
+447860678718
+447707614381
+447738985078
+447513866038
+447923811534
+447489101041
+447802767183
+447395790343
+447381172631
+447821669766
+447784365613
+447543397985
+447802698219
+447568777274
+447511260307
+447593935955
+447759322896
+447599438213
+447510358624
+447873958948
+447706734529
+447705525521
+447925781915
+447895784464
+447740807092
+447801812129
+447784587670
+447381521112
+447764894395
+447548296898
+447738203483
+447706061250
+447925441349
+447514004456
+447923102011
+447841931698
+447740698570
+447743033741
+447895410104
+447513478520
+447955374601
+447873274193
+447599181400
+447521316755
+447873119070
+447521173020
+447793942493
+447740453748
+447706368376
+447511450972
+447759983284
+447926861100
+447895831000
+447902479182
+447568515456
+447381398007
+447764671980
+447510496286
+447926941498
+447923723705
+447514416350
+447740642727
+447759464537
+447381909234
+447708285832
+447764825414
+447938202389
+447394877751
+447561416379
+447809559252
+447856835498
+447381660885
+447938750286
+447759099414
+447926804075
+447885319827
+447563025504
+447793090898
+447740654391
+447938743526
+447595160100
+447889931233
+447926366947
+447740905184
+447933633005
+447936964050
+447599782745
+447702536107
+447893621214
+447597574011
+447809937751
+447381893434
+447518664312
+447871381644
+447902052089
+447740449548
+447759990818
+447821469009
+447707019799
+447513834465
+447784453180
+447599719641
+447902405545
+447895987486
+447593768496
+447511057979
+447764536411
+447802365302
+447802246996
+447821162323
+447923354634
+447381290661
+447381467582
+447801732056
+447706659913
+447860410200
+447489837914
+447738107540
+447889580794
+447740113142
+447784713477
+447740762877
+447938028632
+447895622283
+447926582569
+447895744022
+447510342848
+447706690478
+447548176742
+447841370956
+447514048142
+447381135469
+447925214192
+447793335126
+447873928445
+447759747728
+447873582106
+447395892846
+447743340774
+447543968319
+447759458160
+447514528626
+447926783534
+447705942946
+447740537820
+447856766293
+447902287752
+447938900859
+447381689129
+447955908938
+447923193270
+447938123407
+447706777220
+447568423302
+447561633468
+447759758583
+447568017908
+447809937931
+447563456554
+447821968386
+447381398229
+447923234940
+447873544305
+447521939135
+447764630542
+447599118762
+447381667455
+447759985272
+447759827981
+447902052049
+447926051729
+447597773519
+447925265115
+447707388664
+447599855140
+447702854550
+447738850795
+447893039958
+447933257743
+447595257321
+447740000064
+447521789894
+447708133380
+447510020819
+447926189050
+447599115837
+447895533085
+447513382221
+447518526315
+447740841640
+447885494633
+447513363540
+447871057684
+447902648819
+447511970075
+447381428112
+447764048197
+447936329234
+447740897039
+447740239218
+447394934530
+447801767584
+447381576258
+447809652818
+447793163852
+447740452532
+447889995938
+447511190657
+447593159581
+447381764920
+447895838688
+447802899696
+447706986202
+447738322440
+447802861791
+447860170026
+447784900558
+447923460455
+447489977655
+447706644038
+447740665585
+447706743995
+447841092295
+447514862538
+447873075037
+447938449942
+447895351486
+447873675945
+447740093818
+447395301881
+447759472201
+447510028883
+447784676863
+447381019954
+447743389498
+447938666017
+447793000416
+447925294652
+447568435401
+447543106674
+447764168580
+447705066578
+447759077891
+447923683032
+447821855759
+447938560574
+447381958950
+447902301410
+447856779350
+447759645412
+447381641979
+447568018181
+447521695444
+447595307734
+447923100724
+447926343401
+447933388353
+447759494262
+447764701689
+447738338999
+447759648225
+447926185429
+447925893640
+447513465672
+447893964293
+447514053073
+447740181318
+447926972669
+447599623084
+447707802206
+447955156960
+447902884288
+447708196926
+447548866193
+447599946237
+447936490589
+447518880539
+447895152519
+447563974357
+447561134320
+447381098269
+447381106838
+447885575410
+447873709935
+447871570151
+447821012078
+447599648578
+447926643765
+447764814094
+447597355062
+447521904847
+447702060129
+447809731683
+447394827941
+447809056723
+447706216775
+447511325416
+447938091507
+447706288917
+447489987225
+447740240758
+447740022598
+447381614022
+447381905673
+447873058974
+447738621643
+447740360587
+447895315237
+447902347489
+447513278633
+447510775331
+447802402100
+447740462079
+447873110698
+447889988023
+447923520488
+447381707071
+447784790152
+447841066527
+447510076064
+447395308189
+447511645452
+447705206992
+447923139515
+447856357282
+447759665697
+447821395210
+447381972760
+447568013051
+447743675297
+447759296115
+447759799809
+447784574884
+447926341888
+447793255275
+447593348285
+447802976619
+447926725558
+447740925784
+447860795092
+447740637642
+447925615268
+447568034092
+447801958200
+447513750084
+447938343368
+447925141343
+447933510334
+447706169213
+447514367184
+447895843996
+447923296040
+447938494906
+447740765474
+447764029368
+447599275655
+447521956519
+447759221973
+447793768855
+447707121012
+447902796572
+447926661536
+447561249548
+447764254352
+447543547658
+447595756671
+447381270230
+447926569684
+447514660388
+447821619374
+447381697989
+447518580824
+447563787118
+447936440786
+447381930708
+447740916435
+447902706458
+447702259763
+447381756577
+447955374262
+447759709292
+447738284027
+447548581814
+447895672054
+447521300320
+447873208101
+447381140411
+447871012164
+447513374312
+447738304695
+447510452410
+447895338614
+447893634207
+447764271027
+447597640120
+447599627382
+447809251285
+447708150126
+447740661324
+447902354935
+447511031171
+447938644072
+447511749977
+447706720474
+447706051060
+447394604456
+447841027825
+447740282193
+447705544364
+447784559528
+447395566240
+447489890681
+447740718559
+447873087811
+447802162669
+447885887954
+447873030127
+447821411022
+447599490983
+447809128724
+447923856413
+447784847575
+447740055959
+447925321083
+447764964888
+447759627404
+447801727114
+447381602643
+447860510564
+447759383141
+447743583491
+447802134921
+447740733205
+447923195191
+447759203958
+447933292837
+447938428211
+447856697406
+447923775127
+447925608878
+447895831056
+447926958325
+447938592841
+447902092493
+447926669998
+447793871560
+447595951941
+447521731277
+447510537739
+447568073404
+447513813415
+447514646735
+447568836483
+447740670888
+447599186619
+447793191918
+447381482425
+447706023932
+447593002975
+447381597201
+447543257183
+447764537779
+447889108824
+447563265289
+447926956552
+447821297576
+447381226831
+447381590462
+447759173222
+447381785691
+447895778539
+447738101526
+447514941275
+447381419469
+447926727839
+447955302290
+447597258624
+447707685975
+447895681455
+447513638772
+447740500973
+447702886827
+447809320931
+447936627551
+447510843872
+447938782688
+447708023572
+447561948022
+447902066007
+447759691021
+447764722557
+447902447383
+447740749134
+447871950834
+447518942391
+447738000534
+447521321365
+447873508778
+447599218173
+447841089803
+447705518780
+447394422392
+447511808129
+447511598309
+447740011261
+447873537741
+447599711831
+447740248393
+447706132819
+447395476960
+447548595730
+447821903490
+447873704614
+447784287922
+447489097046
+447893571617
+447381632005
+447860120063
+447740596719
+447740018774
+447764380547
+447809166033
+447568927150
+447513213269
+447381576725
+447802659572
+447381118284
+447743357740
+447933893167
+447764900404
+447563207595
+447925752022
+447923627440
+447595484041
+447793902172
+447510671812
+447521106287
+447599543182
+447793661128
+447902108002
+447821640633
+447759677698
+447784417170
+447740618711
+447759015237
+447856121668
+447568926736
+447889187202
+447543686546
+447885409980
+447759336381
+447381216772
+447938842224
+447759036047
+447923566400
+447926240624
+447802712204
+447706931404
+447706336164
+447938775468
+447381892962
+447801942507
+447895612230
+447381095969
+447938851835
+447597956689
+447738449624
+447895112019
+447925233154
+447926613783
+447926909130
+447923418236
+447702368948
+447707364978
+447809212064
+447708156954
+447936885380
+447740329100
+447895928609
+447593165917
+447510948266
+447561010309
+447764078793
+447902606341
+447513043043
+447926724599
+447514890770
+447381903282
+447599226909
+447902719627
+447740554105
+447873649389
+447705307057
+447394450269
+447548737280
+447521214440
+447514294814
+447871227881
+447489880449
+447841708689
+447738282258
+447893810333
+447599895001
+447740652456
+447860625127
+447740897192
+447511332526
+447873088412
+447395798302
+447518833316
+447809524380
+447784283954
+447381519070
+447743148726
+447759490312
+447764343459
+447740834463
+447802424566
+447955729395
+447511269902
+447740404812
+447381300338
+447568931301
+447706205648
+447933242738
+447381557263
+447513901908
+447923471508
+447563185836
+447740483413
+447599513540
+447873979787
+447764642844
+447510249811
+447793313743
+447856927486
+447381542951
+447759423030
+447821329866
+447895894188
+447381561749
+447706199399
+447784094590
+447706501566
+447889066721
+447923432664
+447801072351
+447381409122
+447938973776
+447925028769
+447926878288
+447543503754
+447759948749
+447793074656
+447902593667
+447809178364
+447885156968
+447926465268
+447936339675
+447923470311
+447707121850
+447938668634
+447595598388
+447381369234
+447926621321
+447938201515
+447821846194
+447593809554
+447548322296
+447895508752
+447925246280
+447740618533
+447705779628
+447708429260
+447764520620
+447599687832
+447802314073
+447597788478
+447871654963
+447510551420
+447902084976
+447759122732
+447740901222
+447740224082
+447513532744
+447759992488
+447561256878
+447860512344
+447521957837
+447568980724
+447514549258
+447926635211
+447738900296
+447893054255
+447511700122
+447738487715
+447599618438
+447740797847
+447740078884
+447809272672
+447381047974
+447513961575
+447764889951
+447521160947
+447902852748
+447873167341
+447568730459
+447759140981
+447740562834
+447394238996
+447514383202
+447955899832
+447381259383
+447518350743
+447706715705
+447895485057
+447873492891
+447563312943
+447740192558
+447510385915
+447764440189
+447793985768
+447599499575
+447873063307
+447381975166
+447821955392
+447743927825
+447489354236
+447511212970
+447802132311
+447856499592
+447784790277
+447784670814
+447933589404
+447889331347
+447759490943
+447381581628
+447895885566
+447702531766
+447706376252
+447801815103
+447841579861
+447923962637
+447395255788
+447759766317
+447938508137
+447902503375
+447923494024
+447381946033
+447925991786
+447809121041
+447706116267
+447381844752
+447885556413
+447936560945
+447926508192
+447793070979
+447923637896
+447926517058
+447707634338
+447764702350
+447381694646
+447938003346
+447938440822
+447895357665
+447513188019
+447925156488
+447568748439
+447738028091
+447926249662
+447740761974
+447740926481
+447593001102
+447871240997
+447893191696
+447381804017
+447543111355
+447926437511
+447599114217
+447548061793
+447802013703
+447902089556
+447740481240
+447597863917
+447595674719
+447708627216
+447705781456
+447561226040
+447740801068
+447902616647
+447809133848
+447521527833
+447513222177
+447759644281
+447740199759
+447873160925
+447759766961
+447510552498
+447518403692
+447599868242
+447793147245
+447521658850
+447394502731
+447759413856
+447514246366
+447511944026
+447395028474
+447873094843
+447955760586
+447511633242
+447821616267
+447895019637
+447841524885
+447938942026
+447740577838
+447381347302
+447784841708
+447706837355
+447743930665
+447740074976
+447873593583
+447738651132
+447514653368
+447706178830
+447563103387
+447923773211
+447802478680
+447759870801
+447706056961
+447902940421
+447381484219
+447599616068
+447801924807
+447568495779
+447933689188
+447821776286
+447938032089
+447856996200
+447381679423
+447759320486
+447923811512
+447381609655
+447764182871
+447926956814
+447889859153
+447885311025
+447809784399
+447925781691
+447938600759
+447926717088
+447381544906
+447381177595
+447489503408
+447895516646
+447510998655
+447925956683
+447936416848
+447895355727
+447568828434
+447923534884
+447764717291
+447513291781
+447860671257
+447784605768
+447702929940
+447893893822
+447593441627
+447802136147
+447738625673
+447599930290
+447740249997
+447764448244
+447595974879
+447705209804
+447740370473
+447740125585
+447926480310
+447871950343
+447809846741
+447873695800
+447707884446
+447381595033
+447740165617
+447759212931
+447513459778
+447518355876
+447548793409
+447597899692
+447793407721
+447511427854
+447740813410
+447599134078
+447759738647
+447926045684
+447902246942
+447759551614
+447561918705
+447514354683
+447510181360
+447902245858
+447521706603
+447543286841
+447801683975
+447933057398
+447708900644
+447793375497
+447740383219
+447955286796
+447381259022
+447521035090
+447738204636
+447740521216
+447568592930
+447925295272
+447706612466
+447706250482
+447938164030
+447563565191
+447514555683
+447809013433
+447923230598
+447381599638
+447821941106
+447395145658
+447511262990
+447938008968
+447926702592
+447784061102
+447885874562
+447394698393
+447895278673
+447841057399
+447599184848
+447873375261
+447759314834
+447764371239
+447759964667
+447702093005
+447802024043
+447873975006
+447856421820
+447738349785
+447926479505
+447821570288
+447923639902
+447489212004
+447923592468
+447784077030
+447381216078
+447793413707
+447860252059
+447759663029
+447597276767
+447889622777
+447936607862
+447595235827
+447510076518
+447764450605
+447802491496
+447764933515
+447381675210
+447893448806
+447548761820
+447925132087
+447593314425
+447740948125
+447743140853
+447926662570
+447568500476
+447759701961
+447521357125
+447809355499
+447561761493
+447543337790
+447926301668
+447873287185
+447514935810
+447902769570
+447708436364
+447955504580
+447793431745
+447740524386
+447521707728
+447394142744
+447514718303
+447599533215
+447895113218
+447885654451
+447510503309
+447702687259
+447511501643
