+447870812454
+447409666049
+447929518731
+447531907057
+447581356081
+447976364422
+447420235986
+447581356081
+447964211929
+447794870065
+447583733946
+447989561245
+447807656819
+447977660272
+447813698586
+447814113436
+447866500859
+447529556081
+447890227835
+447896516429
+447807488246
+447791576110
+447416647434
+447929470855
+447977660272
+447814362075
+447529906523
+447969579809
+447531038641
+447529134665
+447421463650
+447528155519
+447416377679
+447855766495
+447811637195
+447556086842
+447536206208
+447536463191
+447816330536
+447967244363
+447964814697
+447964076918
+447972722108
+447790418237
+447794870065
+447971166966
+447855628845
+447807787718
+447416501897
+447529247096
+447855795244
+447870512861
+447529697001
+447556538268
+447529929677
+447964483167
+447811258172
+447807568776
+447556996573
+447416613924
+447529549965
+447855577962
+447870734443
+447807922165
+447529163249
+447964135452
+447529674844
+447811735527
+447556930673
+447529141131
+447855809052
+447807148770
+447529783715
+447529863924
+447811061393
+447416074585
+447870161016
+447964064964
+447807852649
+447556503889
+447529883361
+447529583275
+447855715616
+447529473038
+447811172279
+447964857002
+447416150881
+447807614669
+447870178901
+447529809498
+447529040755
+447556933983
+447811618145
+447964695194
+447807664042
+447855858781
+447529500009
+447870418134
+447416252942
+447556479410
+447529840460
+447529036933
+447811898859
+447807026238
+447855549516
+447529648308
+447964825515
+447416848188
+447529318219
+447556403743
+447529229907
+447811816922
+447529845354
+447855146967
+447870584557
+447807940774
+447556720468
+447529288923
+447811124852
+447964618889
+447855255481
+447529654814
+447416656686
+447807837606
+447556238234
+447870727932
+447529753244
+447529016061
+447811816647
+447855237838
+447529124534
+447807626560
+447964837775
+447529781581
+447529141120
+447556118654
+447870159120
+447416817785
+447811223862
+447855189593
+447529535922
+447964612923
+447556933735
+447870611265
+447529565007
+447529826073
+447811791398
+447855792030
+447416361719
+447964914718
+447529326143
+447529631137
+447870587753
+447416319132
+447964302868
+447870846330
+447416126848
+447855450868
+447964043788
+447977947126
+447529211112
+447964492623
+447870941659
+447529242880
+447807255419
+447529538494
+447814560100
+447964777765
+447807592891
+447529024750
+447855548820
+447964769110
+447977691333
+447814168281
+447870760642
+447529975896
+447529214518
+447855515005
+447977495260
+447529593423
+447964924120
+447529408068
+447807814245
+447964279186
+447814763598
+447870073333
+447529112348
+447977654165
+447529140703
+447807303759
+447855629292
+447964532901
+447529092629
+447870569292
+447529632461
+447977785793
+447964100441
+447814773341
+447529160557
+447807623933
+447529212915
+447870078030
+447855188716
+447964522693
+447964063936
+447529737377
+447977718597
+447529470747
+447814214889
+447807829394
+447870198614
+447529346103
+447964775590
+447964773936
+447529938802
+447855816598
+447814145901
+447416880310
+447896797797
+447529221895
+447421421378
+447556617412
+447421612303
+447890253001
+447964055776
+447814440885
+447556568094
+447529822501
+447890824898
+447416441086
+447896189800
+447964935818
+447814092050
+447421562444
+447556169407
+447421495156
+447556389764
+447529712454
+447421722180
+447890824103
+447556581239
+447421091381
+447814814128
+447416763804
+447896825660
+447556755471
+447964904673
+447529579373
+447890807139
+447556663019
+447421287998
+447421511316
+447814119768
+447416857772
+447964581243
+447529223641
+447896917388
+447814393945
+447421813034
+447556968242
+447416015689
+447964073180
+447890436367
+447556279573
+447421011101
+447529078601
+447896866946
+447416599591
+447964457820
+447421920615
+447814717495
+447556980231
+447556151757
+447890575588
+447421303666
+447896425520
+447416210166
+447556764882
+447814443477
+447556165512
+447529587638
+447964943543
+447421394045
+447416150433
+447556802522
+447814531265
+447890636192
+447421502111
+447529258236
+447896765120
+447964288074
+447421362609
+447556036500
+447416439376
+447814308678
+447890896372
+447421138145
+447529121940
+447556026602
+447896624329
+447964455935
+447421716205
+447416223166
+447814129127
+447890253085
+447556924632
+447529414047
+447421721704
+447556425237
+447896676548
+447964030997
+447416053858
+447890423685
+447814162663
+447421096548
+447556570381
+447556706546
+447421725132
+447896120856
+447529018133
+447416382559
+447814166192
+447890005069
+447421540221
+447964576724
+447556138866
+447556856814
+447896431572
+447529088435
+447421847817
+447416479622
+447890232716
+447814415051
+447421513203
+447964352083
+447556902488
+447556967294
+447421392961
+447529937637
+447416403880
+447896511005
+447814702746
+447421389368
+447890629594
+447964890274
+447556995446
+447556225634
+447421443985
+447529113715
+447814438561
+447964955152
+447890948908
+447556814100
+447556206434
+447416214861
+447896775370
+447421105938
+447421261948
+447529784055
+447556580398
+447890869441
+447964877449
+447556746737
+447814137229
+447416779359
+447896545095
+447421562330
+447421549323
+447529675817
+447556384768
+447890771503
+447964897372
+447416523314
+447896949339
+447421083131
+447556165734
+447421443057
+447529524705
+447814483693
+447890789770
+447421973213
+447416543726
+447896059518
+447556385424
+447556105408
+447964176335
+447421973363
+447529816032
+447890912095
+447814624558
+447416153462
+447896149846
+447421368924
+447964679173
+447556426194
+447556314753
+447421362369
+447890827080
+447529460514
+447421691249
+447896087192
+447416216679
+447556958349
+447964223004
+447556133074
+447814565253
+447421264713
+447890513607
+447529646564
+447556670942
+447814353408
+447421025504
+447896609640
+447421853111
+447416442857
+447890771731
+447556667818
+447964290701
+447529778656
+447556828101
+447421239674
+447814003815
+447416826050
+447421790971
+447890163569
+447556515930
+447964036328
+447529969929
+447896703379
+447556538967
+447421609901
+447416100819
+447890763001
+447556092591
+447964192560
+447814711598
+447529232255
+447896227962
+447421964406
+447556442629
+447416365554
+447890455686
+447421622967
+447964410506
+447556161127
+447529948994
+447814937494
+447896943615
+447416100628
+447890903458
+447421916796
+447556132086
+447556136401
+447814514067
+447896778777
+447421040374
+447964405373
+447529868549
+447416399987
+447890545262
+447556917113
+447556832404
+447814922473
+447896053679
+447421510268
+447529544686
+447416155759
+447890565328
+447556000381
+447421539435
+447556404867
+447964150883
+447814639845
+447896974482
+447421861596
+447890475750
+447556028057
+447421863066
+447964312097
+447529321088
+447416389331
+447814273282
+447896043180
+447421745387
+447556798811
+447556581838
+447421795936
+447964932721
+447529685823
+447814972433
+447416913413
+447890203482
+447421115172
+447556346878
+447896209424
+447421011920
+447964389476
+447416834824
+447814049785
+447890956836
+447556244712
+447529217603
+447421249885
+447896737646
+447964206961
+447421051718
+447556111863
+447814321667
+447416090686
+447556575518
+447529509923
+447890486597
+447896049495
+447421491345
+447964935762
+447421416260
+447556800395
+447814200150
+447556037569
+447416370131
+447890102792
+447421633356
+447896578269
+447964336239
+447421973018
+447814548115
+447529119445
+447556894023
+447556546755
+447416993924
+447890586714
+447896592298
+447964596882
+447421772289
+447421059743
+447814211822
+447529271399
+447416830790
+447556207088
+447890336275
+447964739426
+447421500720
+447896372275
+447556363118
+447529270820
+447421734704
+447814119408
+447890514760
+447416433478
+447556494917
+447964718154
+447556916114
+447421215860
+447529449342
+447896783040
+447814075548
+447890999254
+447421176049
+447416261745
+447556947287
+447964177185
+447421895412
+447556165231
+447896302578
+447814147088
+447890259210
+447416411436
+447421262016
+447529395623
+447556312682
+447421568727
+447964474720
+447556996812
+447896629617
+447814960444
+447890913569
+447421074687
+447416380408
+447529763163
+447964323887
+447556515479
+447421748220
+447890654472
+447416446033
+447814370244
+447421658355
+447896525518
+447556413107
+447964970394
+447421742539
+447529535341
+447556386176
+447890254244
+447416644365
+447814472323
+447421079522
+447556872311
+447421176697
+447529075629
+447896952659
+447964766001
+447890506462
+447416340644
+447814720899
+447421450897
+447556517113
+447556238233
+447964936996
+447896513690
+447421192386
+447529685962
+447890942657
+447814980349
+447416679230
+447421147031
+447896659270
+447556199822
+447964076357
+447556865683
+447421222633
+447529246689
+447556727069
+447964180017
+447416258244
+447890961457
+447556747141
+447814454714
+447421810521
+447896228274
+447421406680
+447529735547
+447556031863
+447814218585
+447421017458
+447556920898
+447416874427
+447964992916
+447890386745
+447421730272
+447896917355
+447529249835
+447421671392
+447814619218
+447964744021
+447556849114
+447421968303
+447556623609
+447416882409
+447890762527
+447814567085
+447896917105
+447421033873
+447529721583
+447421223146
+447964701619
+447416095738
+447556095277
+447556149388
+447814943712
+447890301144
+447529068435
+447421314116
+447964949658
+447556227483
+447896846740
+447556553031
+447814472555
+447421819304
+447890751727
+447416168960
+447556919225
+447896294140
+447814756286
+447421636064
+447529506864
+447421754942
+447964822071
+447556205707
+447416118998
+447890531310
+447896808773
+447814246191
+447964548054
+447421969823
+447529654347
+447556008940
+447421316747
+447416448466
+447556993730
+447814268769
+447896228070
+447421302892
+447964713747
+447890143157
+447421555263
+447556792589
+447529595215
+447556229307
+447814694432
+447896294160
+447890005178
+447416320865
+447421879007
+447964711303
+447556353236
+447529432464
+447421147348
+447814722172
+447556455471
+447890499350
+447421641730
+447964115796
+447416547449
+447896411404
+447421357569
+447556464221
+447529490604
+447421532372
+447556763536
+447814601788
+447964224236
+447890313389
+447896147197
+447529563086
+447421506183
+447416563065
+447421364467
+447964788632
+447556285225
+447814069716
+447556154818
+447529164192
+447421745663
+447416358419
+447890282717
+447896540656
+447421193197
+447964536363
+447814219174
+447556537408
+447556950545
+447529424360
+447416560554
+447964144221
+447421210132
+447421830409
+447890251580
+447556687983
+447896424777
+447529103745
+447814376830
+447421462079
+447556401768
+447416198607
+447890640836
+447556326183
+447964408709
+447896129560
+447529852916
+447814906240
+447421738917
+447421763776
+447890152119
+447964591847
+447814407107
+447421545925
+447416949908
+447556309180
+447421678965
+447896166491
+447529594930
+447556418286
+447814701688
+447421762613
+447556017012
+447416679498
+447890592907
+447964054388
+447421933861
+447529905834
+447556157036
+447896889324
+447556267072
+447814792712
+447421777812
+447416369210
+447890405439
+447556656675
+447556572824
+447529214477
+447421829022
+447964270744
+447421661031
+447890348227
+447416425798
+447896348597
+447814442985
+447556782096
+447556098692
+447529074525
+447964546592
+447421963316
+447416408810
+447421335155
+447814650417
+447556965101
+447529121639
+447890085480
+447896355587
+447964016194
+447421958812
+447556133216
+447416767759
+447814987950
+447529595236
+447890898175
+447896981801
+447421684961
+447964429104
+447556469725
+447421353161
+447556961602
+447814222644
+447529720963
+447890236971
+447896594834
+447556631583
+447416357265
+447421811718
+447964879107
+447814024485
+447529531829
+447421023379
+447556985689
+447890747522
+447896710223
+447421322061
+447416718249
+447964168197
+447556376644
+447421863247
+447556182183
+447529785241
+447896268410
+447814730396
+447890679969
+447421369161
+447416216838
+447556908783
+447964077002
+447556061832
+447529030630
+447421417047
+447896030268
+447814017727
+447890438373
+447421573957
+447416961813
+447556546929
+447529201935
+447896223342
+447421236517
+447814700810
+447964077017
+447556092003
+447890771604
+447416705923
+447556203220
+447896060654
+447421319656
+447529479713
+447421035098
+447814136377
+447964327576
+447890704073
+447416864128
+447556738902
+447529833079
+447421675817
+447556920010
+447896458014
+447814665022
+447964047196
+447890472910
+447416990728
+447556493864
+447421915307
+447556713080
+447529004064
+447421654659
+447896785321
+447814852998
+447416281796
+447556392084
+447421420397
+447964639837
+447529612753
+447896062995
+447890285356
+447556099122
+447421593398
+447421557338
+447814911396
+447529913003
+447896455605
+447416841914
+447556668164
+447964755180
+447556862367
+447890572142
+447421018958
+447421902930
+447814166007
+447529668686
+447896655474
+447416661031
+447556390114
+447556589161
+447421336763
+447890879212
+447814562974
+447964236098
+447896561262
+447416835265
+447421545890
+447529490479
+447890154191
+447556067873
+447556778062
+447814969387
+447421006967
+447964818914
+447416273423
+447421352449
+447890264932
+447814442775
+447896232189
+447964069281
+447421645649
+447556684653
+447556740379
+447529373589
+447421879395
+447416252883
+447529348242
+447896284022
+447556922013
+447421973467
+447814117339
+447556710872
+447890005239
+447964598515
+447416522662
+447421687827
+447814586664
+447556661547
+447896248129
+447556078878
+447890219441
+447964671812
+447529323109
+447421417501
+447416002802
+447421044123
+447556899627
+447896188323
+447814047411
+447890856643
+447421088415
+447529769626
+447556131558
+447556424227
+447964988798
+447814008735
+447890738432
+447416603900
+447896722035
+447421689045
+447556228434
+447421342896
+447529688329
+447964549457
+447814327309
+447890441633
+447416531840
+447556679495
+447556281254
+447421833760
+447896308983
+447529593763
+447421156278
+447964482414
+447814039725
+447890508829
+447416124574
+447556046216
+447421933323
+447421076832
+447964201842
+447556646204
+447556394768
+447896637453
+447529222503
+447814718679
+447890727634
+447416393411
+447421512212
+447964127768
+447556809894
+447556605605
+447421467359
+447814180371
+447529041654
+447896771436
+447416061636
+447964974996
+447890461328
+447556204876
+447421882393
+447421777922
+447896128158
+447529082774
+447814360436
+447556535357
+447416154994
+447421025187
+447964977548
+447421537324
+447814314289
+447529832044
+447890046224
+447556026421
+447896707022
+447556582540
+447416580643
+447421032350
+447421727066
+447814836163
+447529228877
+447964119505
+447556686886
+447556624553
+447896227390
+447890730911
+447421388015
+447421675308
+447814129424
+447529792037
+447416507114
+447556191187
+447964211799
+447556035452
+447896589043
+447890479710
+447814174463
+447421909547
+447556763629
+447416045825
+447529069150
+447896618682
+447964806526
+447421257570
+447556454567
+447421384456
+447814752969
+447890180717
+447529913463
+447416555801
+447556145207
+447964286822
+447896539125
+447421843844
+447421021700
+447814675888
+447890930912
+447529941700
+447556054115
+447964374212
+447896659011
+447556162665
+447416315102
+447421940548
+447890591035
+447814959417
+447529698099
+447421820733
+447556843301
+447964489860
+447896453838
+447421381122
+447556179931
+447529359448
+447421919997
+447814611276
+447964603594
+447416400554
+447890699512
+447556232501
+447529347959
+447896512159
+447421133678
+447556977060
+447421661234
+447814126346
+447964110193
+447416599572
+447890099148
+447556810088
+447896308350
+447421747742
+447529370658
+447421028195
+447814357493
+447964263553
+447556593615
+447416982766
+447421029285
+447896604239
+447529934372
+447421562811
+447890231569
+447964324271
+447556150998
+447556996170
+447814821667
+447421237590
+447896112411
+447890591388
+447421010128
+447556252118
+447416006827
+447529055648
+447964381454
+447814446097
+447556089385
+447421828845
+447896869816
+447529864895
+447416194979
+447556963262
+447421729558
+447890054130
+447964640656
+447556088213
+447421079772
+447896584261
+447814675632
+447529911636
+447416086697
+447964366244
+447556990689
+447556674047
+447890858712
+447421657219
+447529855851
+447416787686
+447896833003
+447421559480
+447964992849
+447556389226
+447814033275
+447556730871
+447890377972
+447421699689
+447529642198
+447416985114
+447421149050
+447964077572
+447556393721
+447896845605
+447814040491
+447556294642
+447421405380
+447529371651
+447421919864
+447416196720
+447890024752
+447556643337
+447896908714
+447556263052
+447964904912
+447416737064
+447529682056
+447421249678
+447421969980
+447556115614
+447896095109
+447556439510
+447964105893
+447890621062
+447416007673
+447421536691
+447421638005
+447556890248
+447556633061
+447896583249
+447529099042
+447416390949
+447421024407
+447421889299
+447964386678
+447890316807
+447896385399
+447556824198
+447556617644
+447890134328
+447416121604
+447421226086
+447556357342
+447896027222
+447556282551
+447890598789
+447896717749
+447556734225
+447890293057
+447896540963
+447556483970
