+447368251545
+447368614927
+447368408428
+447368239602
+447368344373
+447368690809
+447368945407
+447368933288
+447368540502
+447368280162
+447368622205
+447368402551
+447368513733
+447368490056
+447368568415
+447368573942
+447368215141
+447368181905
+447368652685
+447368805201
+447368129657
+447368360562
+447368413594
+447368953547
+447368483113
+447368801209
+447368875928
+447368323745
+447368918744
+447368303675
+447368182603
+447368786246
+447368123634
+447368151119
+447368399428
+447368734382
+447368380583
+447368972039
+447368585490
+447368333409
+447368851966
+447368295431
+447368033879
+447368168528
+447368765683
+447368241425
+447368957262
+447368355801
+447368153756
+447368472047
+447368870025
+447368527110
+447368253502
+447368137922
+447368971337
+447368109008
+447368788601
+447368234760
+447368722042
+447368955814
+447368779657
+447368600582
+447368200919
+447368903504
+447368892081
+447368293813
+447368539223
+447368197002
+447368643872
+447368630205
+447368574046
+447368357879
+447368315765
+447368610659
+447368221121
+447368066320
+447368018458
+447368152491
+447368642050
+447368153874
+447368583978
+447368463184
+447368144004
+447368801773
+447368772888
+447368760375
+447368520890
+447368288887
+447368918912
+447368923709
+447368602200
+447368416620
+447368963547
+447368926039
+447368330672
+447368187586
+447368091933
+447368651233
+447368974834
+447368555028
+447368643404
+447368842387
+447368061769
+447368795336
+447368727558
+447368046434
+447368818504
+447368134582
+447368152533
+447368783882
+447368281768
+447368391248
+447368588678
+447368946093
+447368135370
+447368377261
+447368168642
+447368265153
+447368754497
+447368502437
+447368854584
+447368614351
+447368190097
+447368686430
+447368907257
+447368180934
+447368932896
+447368851968
+447368390385
+447368036289
+447368427027
+447368878984
+447368091596
+447368603201
+447368394604
+447368952319
+447368590116
+447368823019
+447368980926
+447368819977
+447368681885
+447368451235
+447368537217
+447368257888
+447368334628
+447368026821
+447368699417
+447368782458
+447368460460
+447368549334
+447368507219
+447368605277
+447368019330
+447368280009
+447368962585
+447368065076
+447368430915
+447368834247
+447368774732
+447368022023
+447368859983
+447368416250
+447368500090
+447368696983
+447368909117
+447368675686
+447368732714
+447368309256
+447368154054
+447368038311
+447368839947
+447368726148
+447368713463
+447368789335
+447368475626
+447368588322
+447368007443
+447368013670
+447368421450
+447368911442
+447368566845
+447368835320
+447368810902
+447368264094
+447368631367
+447368447520
+447368810192
+447368665419
+447368911717
+447368818659
+447368913023
+447368848856
+447368415485
+447368979726
+447368273685
+447368161027
+447368226826
+447368225513
+447368237649
+447368704121
+447368815531
+447368803479
+447368674370
+447368918184
+447368376427
+447368845610
+447368069402
+447368024748
+447368838542
+447368965061
+447368633906
+447368496256
+447368711447
+447368029868
+447368027086
+447368445333
+447368411073
+447368903719
+447368732479
+447368379764
+447368533856
+447368205774
+447368754420
+447368169059
+447368531415
+447368379872
+447368023113
+447368745061
+447368981098
+447368467503
+447368952129
+447368443152
+447368273635
+447368080548
+447368782122
+447368065829
+447368049622
+447368566171
+447368685383
+447368784424
+447368476712
+447368334467
+447368410711
+447368443015
+447368335291
+447368841225
+447368813615
+447368864233
+447368704467
+447368365455
+447368824958
+447368746127
+447368645559
+447368843151
+447368238334
+447368829168
+447368253059
+447368483554
+447368041129
+447368575789
+447368424282
+447368190672
+447368502034
+447368434437
+447368921550
+447368413945
+447368420454
+447368336893
+447368531985
+447368117780
+447368554651
+447368221725
+447368388165
+447368482179
+447368545806
+447368372504
+447368000222
+447368685049
+447368444110
+447368122203
+447368996505
+447368987275
+447368298972
+447368787750
+447368772661
+447368126333
+447368174296
+447368737070
+447368577244
+447368450583
+447368682288
+447368602982
+447368744144
+447368492458
+447368091290
+447368899101
+447368176974
+447368951519
+447368405803
+447368695697
+447368283807
+447368036511
+447368103182
+447368037392
+447368957673
+447368992711
+447368524868
+447368916271
+447368015084
+447368350057
+447368895703
+447368295662
+447368222946
+447368921999
+447368225960
+447368118539
+447368723696
+447368901136
+447368776297
+447368904359
+447368550824
+447368024999
+447368791012
+447368933367
+447368865126
+447368648326
+447368355138
+447368748611
+447368465519
+447368751032
+447368297180
+447368313010
+447368563965
+447368041786
+447368657174
+447368478047
+447368300638
+447368270117
+447368349718
+447368997519
+447368380267
+447368055534
+447368011894
+447368898943
+447368965435
+447368085650
+447368706105
+447368274316
+447368287480
+447368985137
+447368796699
+447368896040
+447368386705
+447368521246
+447368622825
+447368394613
+447368939948
+447368258158
+447368060800
+447368261541
+447368942444
+447368437121
+447368595087
+447368253964
+447368806126
+447368771195
+447368345131
+447368940087
+447368816468
+447368441511
+447368768813
+447368751968
+447368865219
+447368919795
+447368812420
+447368471616
+447368616237
+447368705558
+447368295626
+447368831768
+447368896893
+447368628869
+447368637209
+447368635096
+447368094249
+447368567082
+447368248451
+447368462235
+447368694471
+447368408374
+447368634566
+447368916814
+447368794710
+447368993117
+447368371134
+447368389245
+447368269722
+447368854925
+447368972744
+447368339775
+447368369701
+447368082536
+447368144287
+447368880139
+447368942372
+447368691304
+447368450625
+447368869878
+447368450930
+447368372768
+447368042968
+447368277122
+447368548661
+447368900100
+447368226534
+447368439507
+447368782990
+447368427662
+447368843582
+447368535585
+447368326189
+447368256444
+447368198582
+447368911679
+447368376803
+447368344172
+447368159513
+447368681893
+447368120260
+447368173229
+447368006158
+447368765427
+447368690193
+447368686312
+447368245299
+447368686378
+447368315756
+447368381541
+447368322904
+447368330710
+447368786582
+447368736906
+447368776969
+447368769450
+447368078011
+447368627496
+447368483265
+447368882708
+447368092489
+447368856636
+447368631098
+447368316676
+447368254461
+447368774320
+447368624563
+447368016756
+447368834849
+447368090853
+447368356304
+447368627812
+447368940967
+447368631529
+447368787814
+447368169987
+447368218157
+447368363392
+447368152060
+447368873858
+447368967037
+447368496515
+447368585407
+447368858200
+447368498489
+447368498337
+447368980676
+447368861681
+447368427756
+447368084000
+447368922747
+447368330262
+447368593654
+447368568394
+447368121045
+447368204340
+447368768095
+447368958332
+447368246896
+447368321517
+447368350785
+447368490977
+447368183238
+447368580153
+447368344050
+447368460616
+447368480251
+447368069676
+447368304560
+447368831082
+447368800173
+447368066549
+447368394812
+447368750169
+447368381984
+447368898141
+447368738680
+447368066641
+447368444428
+447368084582
+447368041630
+447368270598
+447368018863
+447368698721
+447368481579
+447368842867
+447368830823
+447368869215
+447368724179
+447368877491
+447368239720
+447368068003
+447368398512
+447368836874
+447368774671
+447368271208
+447368749330
+447368340384
+447368883916
+447368509891
+447368991986
+447368698160
+447368112511
+447368448288
+447368698060
+447368589562
+447368028638
+447368203941
+447368192868
+447368982409
+447368425429
+447368837440
+447368123647
+447368172587
+447368288394
+447368910810
+447368116887
+447368709619
+447368487872
+447368561488
+447368698965
+447368808312
+447368658031
+447368737025
+447368875231
+447368748437
+447368118776
+447368398226
+447368581632
+447368078601
+447368156001
+447368884724
+447368505775
+447368136982
+447368916684
+447368090890
+447368863036
+447368271053
+447368450311
+447368694807
+447368055864
+447368296206
+447368255966
+447368823613
+447368769950
+447368168221
+447368987991
+447368176636
+447368937357
+447368444375
+447368813418
+447368847470
+447368820902
+447368525630
+447368916000
+447368268197
+447368667747
+447368496809
+447368933466
+447368192442
+447368044030
+447368845851
+447368849788
+447368797642
+447368321013
+447368824570
+447368936121
+447368401640
+447368873824
+447368258487
+447368420270
+447368622667
+447368325253
+447368196843
+447368855121
+447368642536
+447368015018
+447368588944
+447368484425
+447368131948
+447368423833
+447368522730
+447368318542
+447368351861
+447368547576
+447368604938
+447368994108
+447368728997
+447368807673
+447368567073
+447368548969
+447368360885
+447368957397
+447368629966
+447368171171
+447368587969
+447368192858
+447368419830
+447368780018
+447368941639
+447368251726
+447368422341
+447368351094
+447368313219
+447368353091
+447368368732
+447368299644
+447368052225
+447368112528
+447368215907
+447368543504
+447368059568
+447368043356
+447368940593
+447368267604
+447368515956
+447368403615
+447368313345
+447368543379
+447368300637
+447368589103
+447368358558
+447368767839
+447368864028
+447368863823
+447368521170
+447368001331
+447368388516
+447368794514
+447368720818
+447368507441
+447368792183
+447368680104
+447368151972
+447368965996
+447368830272
+447368905612
+447368670131
+447368993762
+447368464884
+447368422667
+447368916379
+447368908026
+447368316881
+447368781770
+447368251282
+447368039043
+447368366408
+447368342402
+447368848259
+447368942792
+447368330406
+447368331991
+447368188178
+447368016821
+447368973277
+447368527095
+447368882263
+447368913136
+447368354322
+447368151962
+447368208445
+447368550858
+447368732646
+447368764383
+447368711811
+447368051468
+447368810431
+447368909532
+447368323460
+447368515392
+447368127302
+447368745539
+447368213777
+447368615511
+447368050264
+447368709880
+447368539028
+447368279610
+447368775591
+447368302831
+447368247648
+447368814474
+447368196266
+447368486638
+447368384165
+447368783309
+447368630340
+447368846063
+447368058293
+447368392748
+447368017699
+447368766875
+447368978093
+447368790368
+447368559509
+447368786074
+447368536585
+447368835275
+447368353428
+447368446078
+447368640731
+447368389966
+447368167484
+447368424445
+447368886260
+447368784139
+447368474104
+447368260455
+447368598434
+447368266885
+447368405481
+447368549881
+447368114979
+447368268630
+447368469805
+447368633644
+447368917702
+447368615706
+447368083616
+447368832363
+447368958233
+447368674800
+447368278710
+447368607860
+447368635509
+447368059785
+447368798054
+447368632588
+447368691254
+447368936347
+447368599867
+447368143879
+447368472504
+447368233722
+447368257340
+447368295026
+447368329208
+447368162958
+447368018568
+447368616602
+447368217829
+447368513723
+447368032847
+447368709454
+447368963455
+447368165638
+447368620321
+447368132303
+447368550651
+447368247497
+447368747124
+447368400573
+447368660796
+447368990593
+447368479532
+447368100272
+447368530390
+447368890011
+447368503813
+447368694217
+447368770137
+447368958233
+447368600171
+447368791509
+447368144060
+447368355577
+447368818741
+447368195796
+447368840592
+447368355006
+447368786500
+447368160062
+447368140975
+447368054153
+447368207584
+447368830527
+447368841067
+447368307681
+447368018235
+447368244922
+447368483896
+447368589162
+447368669826
+447368337097
+447368007454
+447368851428
+447368094856
+447368319672
+447368188030
+447368626308
+447368694152
+447368036080
+447368209345
+447368791081
+447368446892
+447368740679
+447368357452
+447368647255
+447368200901
+447368105365
+447368372455
+447368998506
+447368268821
+447368450699
+447368285066
+447368774908
+447368147364
+447368242182
+447368194842
+447368162936
+447368294436
+447368077279
+447368393232
+447368410305
+447368415397
+447368222193
+447368964643
+447368031974
+447368635909
+447368545091
+447368204316
+447368590052
+447368345493
+447368944535
+447368986532
+447368078044
+447368130382
+447368081382
+447368746033
+447368271711
+447368165947
+447368368760
+447368199241
+447368654398
+447368725034
+447368528219
+447368045013
+447368600463
+447368643756
+447368399182
+447368018251
+447368125784
+447368464178
+447368288789
+447368163437
+447368755522
+447368506187
+447368144634
+447368658102
+447368653397
+447368140118
+447368203612
+447368555559
+447368242683
+447368970181
+447368060361
+447368822648
+447368704357
+447368019686
+447368727124
+447368311445
+447368499335
+447368497347
+447368588650
+447368734125
+447368402520
+447368146505
+447368909100
+447368055069
+447368184019
+447368984675
+447368038864
+447368704187
+447368500595
+447368751954
+447368066487
+447368559041
+447368172705
+447368781205
+447368765923
+447368228384
+447368231024
+447368093307
+447368452496
+447368077659
+447368857014
+447368226316
+447368833838
+447368894428
+447368378672
+447368758117
+447368205561
+447368484928
+447368140393
+447368342009
+447368048259
+447368139420
+447368794215
+447368813747
+447368045830
+447368920056
+447368851351
+447368957484
+447368054890
+447368758755
+447368446991
+447368963617
+447368276789
+447368130624
+447368539259
+447368654322
+447368874571
+447368823717
+447368956100
+447368372538
+447368601226
+447368881696
+447368217066
+447368185134
+447368716184
+447368024771
+447368157527
+447368181172
+447368459958
+447368805948
+447368417175
+447368378846
+447368182386
+447368487816
+447368205531
+447368522881
+447368211374
+447368739865
+447368295149
+447368237248
+447368248429
+447368921754
+447368471999
+447368226637
+447368465629
+447368867766
+447368484324
+447368950964
+447368388104
+447368589654
+447368776397
+447368719012
+447368240110
+447368288914
+447368833680
+447368465123
+447368684058
+447368863062
+447368542264
+447368162606
+447368706226
+447368871358
+447368992607
+447368089939
+447368180889
+447368305856
+447368929351
+447368918797
+447368628380
+447368730958
+447368481591
+447368593369
+447368960618
+447368316785
+447368218017
+447368377048
+447368138304
+447368483187
+447368955734
+447368240989
+447368089882
+447368528260
+447368231384
+447368482206
+447368292738
+447368531617
+447368346754
+447368206018
+447368722662
+447368169512
+447368694326
+447368302638
+447368137962
+447368996171
+447368332077
+447368463934
+447368760111
+447368670660
+447368495655
+447368720126
+447368024159
+447368529262
+447368952427
+447368936456
+447368880742
+447368142291
+447368114196
+447368196259
+447368937081
+447368375917
+447368457736
+447368171682
+447368082668
+447368306003
+447368518373
+447368939410
+447368515943
+447368715374
+447368722146
+447368995244
+447368683194
+447368120596
+447368043748
+447368905188
+447368974422
+447368700325
+447368493225
+447368012007
+447368956300
+447368386520
+447368816043
+447368672702
+447368193630
+447368042013
+447368005919
+447368121460
+447368006403
+447368030961
+447368286236
+447368555227
+447368518410
+447368207503
+447368992475
+447368577782
+447368716131
+447368250888
+447368895632
+447368896934
+447368172224
+447368042005
+447368154877
+447368718047
+447368886451
+447368215857
+447368841688
+447368609847
+447368010095
+447368229684
+447368791247
+447368872120
+447368111754
+447368488324
+447368467352
+447368664750
+447368138931
+447368646508
+447368705502
+447368398930
+447368705026
+447368730748
+447368416591
+447368905259
+447368194817
+447368079083
+447368216152
+447368495579
+447368873843
+447368708887
+447368931584
+447368642155
+447368881618
+447368700361
+447368768460
+447368279586
+447368940774
+447368266499
+447368876586
+447368259263
+447368490020
+447368386121
+447368832673
+447368996713
+447368667194
+447368760573
+447368334742
+447368529678
+447368519767
+447368110358
+447368747026
+447368069777
+447368227463
+447368106768
+447368736337
+447368931803
+447368509428
+447368789186
+447368998233
+447368616928
+447368206051
+447368219943
+447368900994
+447368926482
+447368995430
+447368363340
+447368419037
+447368666556
+447368871490
+447368805903
+447368371594
+447368894349
+447368789702
+447368721947
+447368565052
+447368365565
+447368360824
+447368829484
+447368125461
+447368682720
+447368801176
+447368024864
+447368903055
+447368583958
+447368186485
+447368261500
+447368229496
+447368672421
+447368734123
+447368775220
+447368338541
+447368892812
+447368796508
+447368223101
+447368567128
+447368981998
+447368026748
+447368981575
+447368013414
+447368375948
+447368908437
+447368272450
+447368735989
+447368566876
+447368410605
+447368268514
+447368563161
+447368997260
+447368880114
+447368012475
+447368508385
+447368955610
+447368131218
+447368729614
+447368635513
+447368175293
+447368403847
+447368732380
+447368096465
+447368474484
+447368331229
+447368976810
+447368434948
+447368640442
+447368942285
+447368919814
+447368167965
+447368485165
+447368769366
+447368592036
+447368985579
+447368538424
+447368492876
+447368231353
+447368526291
+447368585080
+447368380424
+447368251269
+447368713921
+447368081944
+447368058635
+447368038753
+447368215319
+447368355173
+447368787586
+447368002417
+447368592827
+447368735244
+447368323711
+447368669221
+447368016536
+447368664551
+447368965648
+447368656692
+447368746459
+447368218997
+447368325900
+447368408986
+447368504861
+447368606754
+447368937745
+447368148128
+447368691105
+447368741567
+447368474202
+447368096946
+447368253277
+447368846608
+447368399847
+447368131431
+447368037481
+447368606454
+447368215706
+447368089919
+447368352910
+447368607390
+447368160656
+447368961082
+447368939823
+447368584508
+447368717994
+447368333835
+447368268108
+447368395326
+447368324365
+447368443553
+447368954411
+447368587616
+447368047151
+447368640545
+447368253704
+447368466535
+447368994881
+447368036180
+447368559167
+447368193795
+447368279601
+447368209524
+447368205244
+447368156083
+447368382400
+447368356195
+447368307081
+447368765808
+447368877031
+447368070130
+447368231381
+447368203063
+447368670975
+447368370758
+447368171219
+447368955905
+447368411492
+447368812050
+447368042497
+447368858337
+447368600023
+447368018104
+447368273006
+447368078706
+447368859200
+447368474722
+447368164410
+447368621218
+447368301315
+447368168099
+447368252020
+447368745856
+447368262114
+447368675452
+447368668451
+447368482241
+447368464288
+447368313391
+447368712771
+447368205415
+447368590648
+447368117858
+447368657802
+447368817220
+447368170013
+447368632542
+447368818459
+447368420437
+447368986790
+447368772229
+447368466992
+447368061096
+447368951554
+447368400341
+447368202970
+447368445022
+447368397237
+447368179105
+447368178144
+447368867901
+447368658543
+447368731413
+447368556160
+447368971517
+447368418391
+447368673052
+447368646397
+447368376681
+447368150420
+447368729761
+447368900881
+447368355829
+447368426145
+447368957329
+447368948935
+447368551865
+447368670382
+447368199426
+447368307794
+447368282385
+447368333406
+447368587889
+447368023266
+447368463949
+447368051090
+447368302296
+447368654112
+447368386848
+447368946943
+447368801370
+447368660052
+447368216067
+447368128652
+447368253615
+447368884792
+447368642801
+447368318498
+447368196141
+447368516221
+447368546396
+447368064491
+447368385878
+447368898404
+447368795616
+447368570033
+447368070888
+447368166739
+447368455946
+447368295569
+447368152485
+447368769926
+447368314415
+447368404771
+447368234907
+447368028626
+447368258344
+447368816902
+447368444642
+447368266242
+447368453274
+447368576194
+447368067436
+447368837732
+447368698122
+447368726716
+447368304899
+447368628986
+447368227894
+447368986037
+447368003606
+447368540048
+447368715818
+447368518092
+447368552384
+447368494052
+447368462284
+447368915543
+447368803781
+447368353519
+447368837374
+447368844547
+447368587269
+447368303939
+447368500930
+447368859121
+447368118212
+447368980049
+447368489942
+447368208197
+447368831293
+447368622249
+447368429678
+447368258163
+447368151276
+447368517796
+447368053482
+447368087064
+447368957281
+447368107224
+447368430908
+447368880310
+447368367939
+447368244970
+447368746928
+447368799713
+447368033230
+447368157641
+447368328401
+447368566753
+447368227855
+447368354744
+447368497711
+447368662806
+447368273744
+447368951333
+447368502065
+447368792449
+447368243072
+447368270705
+447368560196
+447368072176
+447368443106
+447368655600
+447368586778
+447368723855
+447368831132
+447368827441
+447368737929
+447368542324
+447368103524
+447368738858
+447368160448
+447368838845
+447368281500
+447368723268
+447368234773
+447368135052
+447368212243
+447368038918
+447368377872
+447368819135
+447368731223
+447368555429
+447368460015
+447368662679
+447368792214
+447368488858
+447368284912
+447368421524
+447368979924
+447368558661
+447368964426
+447368202373
+447368368864
+447368589941
+447368480374
+447368406130
+447368538590
+447368981219
+447368302562
+447368193585
+447368441786
+447368509071
+447368949006
+447368967024
+447368513620
+447368356927
+447368706100
+447368743738
+447368031264
+447368827108
+447368779004
+447368513829
+447368203841
+447368434166
+447368419971
+447368773332
+447368210458
+447368283746
+447368548626
+447368770610
+447368280644
+447368855498
+447368050427
+447368009738
+447368117511
+447368753692
+447368310600
+447368628937
+447368997928
+447368197144
+447368177611
+447368752940
+447368565984
+447368361104
+447368800420
+447368654429
+447368444290
+447368090798
+447368917992
+447368412152
+447368740890
+447368981544
+447368317818
+447368158272
+447368732749
+447368766549
+447368574912
+447368836298
+447368235494
+447368492987
+447368483406
+447368270639
+447368595145
+447368628998
+447368948681
+447368877901
+447368230595
+447368856500
+447368972275
+447368612282
+447368574552
+447368623040
+447368644388
+447368899574
+447368806662
+447368778552
+447368802889
+447368600712
+447368656304
+447368367780
+447368389557
+447368248328
+447368621868
+447368249034
+447368826864
+447368409575
+447368163116
+447368813992
+447368930464
+447368348742
+447368102693
+447368499113
+447368816573
+447368619265
+447368246319
+447368609502
+447368125755
+447368870148
+447368690057
+447368830492
+447368214649
+447368595105
+447368557967
+447368086472
+447368979109
+447368563836
+447368859339
+447368301801
+447368262722
+447368196100
+447368445811
+447368174522
+447368277923
+447368589850
+447368512170
+447368729279
+447368537943
+447368191136
+447368409752
+447368877670
+447368730271
+447368643318
+447368363748
+447368938328
+447368464899
+447368574929
+447368116732
+447368721179
+447368344225
+447368632277
+447368861454
+447368929274
+447368402724
+447368049182
+447368114950
+447368739090
+447368323451
+447368126888
+447368812398
+447368307011
+447368472053
+447368600735
+447368254093
+447368595895
+447368649801
+447368016027
+447368897375
+447368508551
+447368686980
+447368648646
+447368553270
+447368559634
+447368220035
+447368508705
+447368623592
+447368213662
+447368240128
+447368941306
+447368168337
+447368003964
+447368739276
+447368312637
+447368426828
+447368020905
+447368832221
+447368384887
+447368465550
+447368012324
+447368602428
+447368159182
+447368117132
+447368997234
+447368963172
+447368112264
+447368061712
+447368951619
+447368973014
+447368460417
+447368345018
+447368665698
+447368616332
+447368192199
+447368010999
+447368639999
+447368728469
+447368494952
+447368029607
+447368023485
+447368890975
+447368234360
+447368844691
+447368666096
+447368138839
+447368276869
+447368141114
+447368611821
+447368337672
+447368680069
+447368388261
+447368228830
+447368008718
+447368637463
+447368781325
+447368668433
+447368378562
+447368896828
+447368846033
+447368018815
+447368346974
+447368209284
+447368211692
+447368364576
+447368567334
+447368305557
+447368184544
+447368781828
+447368638018
+447368993725
+447368579915
+447368508926
+447368486458
+447368566511
+447368718853
+447368574692
+447368040077
+447368225934
+447368916024
+447368908931
+447368335844
+447368515513
+447368951150
+447368894826
+447368323343
+447368416811
+447368603731
+447368959190
+447368339284
+447368998947
+447368357809
+447368351830
+447368369118
+447368596243
+447368428172
+447368254559
+447368145228
+447368362176
+447368918903
+447368588462
+447368454444
+447368518515
+447368855782
+447368778871
+447368155527
+447368194168
+447368523984
+447368006869
+447368235562
+447368244733
+447368760618
+447368668842
+447368970841
+447368082548
+447368340088
+447368548248
+447368863466
+447368708329
+447368730703
+447368264968
+447368535046
+447368593037
+447368504272
+447368513560
+447368035718
+447368700472
+447368559193
+447368593416
+447368159165
+447368502813
+447368472203
+447368836286
+447368524023
+447368673773
+447368919785
+447368718519
+447368986928
+447368559754
+447368226599
+447368072806
+447368768807
+447368191379
+447368356644
+447368206104
+447368839392
+447368510933
+447368200894
+447368777135
+447368021400
+447368106552
+447368642158
+447368597714
+447368226339
+447368883879
+447368857309
+447368270146
+447368448338
+447368583468
+447368044534
+447368889874
+447368641734
+447368361916
+447368051800
+447368688305
+447368290395
+447368347315
+447368232681
+447368718289
+447368129278
+447368090005
+447368735736
+447368726931
+447368080664
+447368813851
+447368828800
+447368629306
+447368240400
+447368230706
+447368099820
+447368507705
+447368182472
+447368029827
+447368832362
+447368258212
+447368813899
+447368541475
+447368236399
+447368951064
+447368001290
+447368882015
+447368298406
+447368803452
+447368306149
+447368182581
+447368235453
+447368182510
+447368006499
+447368133771
+447368711471
+447368120706
+447368850710
+447368750573
+447368424670
+447368328564
+447368628911
+447368906329
+447368030226
+447368195473
+447368129606
+447368941545
+447368897461
+447368450359
+447368735386
+447368803619
+447368165851
+447368688497
+447368434733
+447368089193
+447368867918
+447368682701
+447368138980
+447368847736
+447368488066
+447368583788
+447368052054
+447368784152
+447368703495
+447368153247
+447368085764
+447368912629
+447368263351
+447368325528
+447368251326
+447368329997
+447368779353
+447368758793
+447368514649
+447368629563
+447368795156
+447368059335
+447368277392
+447368028429
+447368422911
+447368353013
+447368670574
+447368022491
+447368437480
+447368461455
+447368835058
+447368206800
+447368052586
+447368126437
+447368302233
+447368057792
+447368080632
+447368226303
+447368517766
+447368459041
+447368299853
+447368976773
+447368705826
+447368444806
+447368462170
+447368053156
+447368603364
+447368000494
+447368139084
+447368090627
+447368643398
+447368332464
+447368215986
+447368519447
+447368730230
+447368235433
+447368470538
+447368256349
+447368156001
+447368082978
+447368011380
+447368174350
+447368409703
+447368861746
+447368376346
+447368424114
+447368707916
+447368819909
+447368586639
+447368739615
+447368197180
+447368960805
+447368753361
+447368903539
+447368880090
+447368223436
+447368934489
+447368572655
+447368054849
+447368343694
+447368486826
+447368320097
+447368363843
+447368754915
+447368909603
+447368440131
+447368260083
+447368457007
+447368341053
+447368738772
+447368830760
+447368879791
+447368072303
+447368201630
+447368174274
+447368310287
+447368323601
+447368773315
+447368294086
+447368040494
+447368416151
+447368273798
+447368125545
+447368597042
+447368263511
+447368212226
+447368603432
+447368594453
+447368401005
+447368632921
+447368921689
+447368814617
+447368214093
+447368053691
+447368282801
+447368399003
+447368877307
+447368309515
+447368212465
+447368187180
+447368141834
+447368349600
+447368874675
+447368308029
+447368500440
+447368828235
+447368489416
+447368206359
+447368189468
+447368358284
+447368658940
+447368369163
+447368136007
+447368261086
+447368320389
+447368820232
+447368362713
+447368077853
+447368464373
+447368324168
+447368352948
+447368991704
+447368320735
+447368588203
+447368861943
+447368757351
+447368718626
+447368088933
+447368620185
+447368995059
+447368265579
+447368058362
+447368337293
+447368244633
+447368471622
+447368652717
+447368687180
+447368426137
+447368276004
+447368134931
+447368076349
+447368248527
+447368611331
+447368981660
+447368289090
+447368723458
+447368162823
+447368989342
+447368458729
+447368114611
+447368949453
+447368540514
+447368954035
+447368595755
+447368317936
+447368680833
+447368865772
+447368456750
+447368797257
+447368216573
+447368612817
+447368638607
+447368677504
+447368805055
+447368382850
+447368712864
+447368506911
+447368593164
+447368622036
+447368202115
+447368943280
+447368961324
+447368427315
+447368244900
+447368023612
+447368760560
+447368818732
+447368855103
+447368965298
+447368230161
+447368525785
+447368466713
+447368181839
+447368133039
+447368383649
+447368768193
+447368006510
+447368930113
+447368274255
+447368029476
+447368084296
+447368694242
+447368852171
+447368743475
+447368401288
+447368943643
+447368210248
+447368690692
+447368974710
+447368610560
+447368912523
+447368882629
+447368480029
+447368257746
+447368860477
+447368497219
+447368542639
+447368380686
+447368013400
+447368116680
+447368489422
+447368747989
+447368752636
+447368652107
+447368004571
+447368025645
+447368424484
+447368221936
+447368269730
+447368281452
+447368724095
+447368839728
+447368272089
+447368683755
+447368954123
+447368934929
+447368545513
+447368271089
+447368405706
+447368433972
+447368735466
+447368986368
+447368440047
+447368755819
+447368005579
+447368670539
+447368796870
+447368187044
+447368157825
+447368998903
+447368656539
+447368878950
+447368005037
+447368176216
+447368199305
+447368946723
+447368109604
+447368882564
+447368020312
+447368485024
+447368882962
+447368450997
+447368490844
+447368710914
+447368750450
+447368816715
+447368580873
+447368579330
+447368056661
+447368543790
+447368088480
+447368631251
+447368272563
+447368025278
+447368084195
+447368770440
+447368911915
+447368065951
+447368227040
+447368308093
+447368736662
+447368359115
+447368599224
+447368296206
+447368649739
+447368075941
+447368218300
+447368194239
+447368357467
+447368042861
+447368357666
+447368090863
+447368430785
+447368962601
+447368770917
+447368433704
+447368656377
+447368137138
+447368831864
+447368757379
+447368147500
+447368074232
+447368725980
+447368702292
+447368477619
+447368987577
+447368176832
+447368046916
+447368775905
+447368676033
+447368460245
+447368056257
+447368248040
+447368051936
+447368545847
+447368519104
+447368924075
+447368370431
+447368793218
+447368740733
+447368431486
+447368544256
+447368413486
+447368279148
+447368957169
+447368749529
+447368744311
+447368884339
+447368145977
+447368570661
+447368811244
+447368293357
+447368216792
+447368183636
+447368454064
+447368045652
+447368791993
+447368009889
+447368805897
+447368275189
+447368651336
+447368035361
+447368779082
+447368077048
+447368187996
+447368320602
+447368813030
+447368090835
+447368321149
+447368621882
+447368452977
+447368267137
+447368116212
+447368545698
+447368525277
+447368536457
+447368546624
+447368866304
+447368084194
+447368371507
+447368940046
+447368046345
+447368302065
+447368745216
+447368534613
+447368846274
+447368620511
+447368645701
+447368989876
+447368124485
+447368323336
+447368679334
+447368382349
+447368506223
+447368423092
+447368831164
+447368140819
+447368754611
+447368644962
+447368854327
+447368401886
+447368099411
+447368506876
+447368874994
+447368906989
+447368301517
+447368081570
+447368738898
+447368295601
+447368874681
+447368407935
+447368353418
+447368045921
+447368199405
+447368684448
+447368976631
+447368898994
+447368795347
+447368739093
+447368145943
+447368534336
+447368161983
+447368942039
+447368687721
+447368878680
+447368208856
+447368503596
+447368220003
+447368119250
+447368541015
+447368201898
+447368703658
+447368451231
+447368787303
+447368304075
+447368880653
+447368858606
+447368993755
+447368705927
+447368547842
+447368822461
+447368066775
+447368720541
+447368818165
+447368837513
+447368986234
+447368869061
+447368498280
+447368017559
+447368023572
+447368821295
+447368201929
+447368355523
+447368368105
+447368073238
+447368196183
+447368556051
+447368267960
+447368386268
+447368435102
+447368391515
+447368232447
+447368780942
+447368729557
+447368796548
+447368262846
+447368036859
+447368612310
+447368495664
+447368192322
+447368541396
+447368549267
+447368804897
+447368190076
+447368111090
+447368820621
+447368712572
+447368660965
+447368831129
+447368319171
+447368691808
+447368401378
+447368510519
+447368717321
+447368455613
+447368875978
+447368080840
+447368173486
+447368192981
+447368697019
+447368388475
+447368929189
+447368264859
+447368000258
+447368222923
+447368577641
+447368638721
+447368982260
+447368287987
+447368522440
+447368375200
+447368413869
+447368924879
+447368377029
+447368529843
+447368935685
+447368495248
+447368580228
+447368197219
+447368810008
+447368290598
+447368559564
+447368930064
+447368251384
+447368169650
+447368316801
+447368271519
+447368023603
+447368192226
+447368517796
+447368518924
+447368036937
+447368221114
+447368279072
+447368219389
+447368419761
+447368668455
+447368720970
+447368882852
+447368058638
+447368416236
+447368888622
+447368881747
+447368133972
+447368997855
+447368145652
+447368321548
+447368186058
+447368918600
+447368009032
+447368893473
+447368860423
+447368329009
+447368126896
+447368562676
+447368019077
+447368473785
+447368247169
+447368669997
+447368203119
+447368754602
+447368204219
+447368758747
+447368567132
+447368118355
+447368000610
+447368841454
+447368937687
+447368245671
+447368599229
+447368397799
+447368962372
+447368885241
+447368600823
+447368758643
+447368509036
+447368887625
+447368955753
+447368680582
+447368623670
+447368838675
+447368525119
+447368044999
+447368662229
+447368649593
+447368338583
+447368236461
+447368320104
+447368700091
+447368582256
+447368060225
+447368370122
+447368362221
+447368634588
+447368961156
+447368419663
+447368993114
+447368908439
+447368002693
+447368636296
+447368210080
+447368025625
+447368960432
+447368757446
+447368228683
+447368512177
+447368861173
+447368384586
+447368030964
+447368814195
+447368280633
+447368976584
+447368814825
+447368531206
+447368077179
+447368163340
+447368137018
+447368777106
+447368471087
+447368116152
+447368609608
+447368385396
+447368397355
+447368039628
+447368075198
+447368421009
+447368026304
+447368503945
+447368586001
+447368991585
+447368052628
+447368915911
+447368254592
+447368498038
+447368116789
+447368121964
+447368397014
+447368789268
+447368046584
+447368149290
+447368790630
+447368033796
+447368800724
+447368509832
+447368375957
+447368321578
+447368472361
+447368542607
+447368055209
+447368750103
+447368378800
+447368213461
+447368490163
+447368824237
+447368172880
+447368150081
+447368038562
+447368439264
+447368905764
+447368471731
+447368922117
+447368786132
+447368486161
+447368756175
+447368491127
+447368264912
+447368441259
+447368717625
+447368435666
+447368073762
+447368373557
+447368146650
+447368168217
+447368309837
+447368679093
+447368695674
+447368251969
+447368084602
+447368573286
+447368869301
+447368332734
+447368344615
+447368362577
+447368221797
+447368380660
+447368834127
+447368653748
+447368316607
+447368035758
+447368243664
+447368346494
+447368386267
+447368390513
+447368053725
+447368891414
+447368904071
+447368706199
+447368630847
+447368858788
+447368965879
+447368042811
+447368757814
+447368862753
+447368357598
+447368927572
+447368517111
+447368935231
+447368989285
+447368034407
+447368510429
+447368408093
+447368791624
+447368146932
+447368908343
+447368360407
+447368974293
+447368391487
+447368450404
+447368980405
+447368799456
+447368295721
+447368731497
+447368539357
+447368654407
+447368961491
+447368209194
+447368699618
+447368985881
+447368551212
+447368983137
+447368012082
+447368256363
+447368263328
+447368703541
+447368793600
+447368380492
+447368399788
+447368690656
+447368974169
+447368111213
+447368585241
+447368182822
+447368248179
+447368489708
+447368710308
+447368900168
+447368263900
+447368146993
+447368951609
+447368560871
+447368036060
+447368977616
+447368027560
+447368076132
+447368336147
+447368625584
+447368634269
+447368928187
+447368534902
+447368491845
+447368769556
+447368656554
+447368100967
+447368742820
+447368743987
+447368491344
+447368971112
+447368624549
+447368931770
+447368528357
+447368400341
+447368454349
+447368332894
+447368749970
+447368466623
+447368653395
+447368678384
+447368033677
+447368870481
+447368978740
+447368769582
+447368536074
+447368103594
+447368729820
+447368912430
+447368078880
+447368594092
+447368790735
+447368765037
+447368990614
+447368790691
+447368413728
+447368316278
+447368557997
+447368396677
+447368787681
+447368293502
+447368842844
+447368290077
+447368814245
+447368609651
+447368974818
+447368231434
+447368247919
+447368102930
+447368750812
+447368107141
+447368173291
+447368525167
+447368782689
+447368472719
+447368052019
+447368383097
+447368924769
+447368350605
+447368177062
+447368691849
+447368966785
+447368848473
+447368392541
+447368772784
+447368943455
+447368830579
+447368300572
+447368060019
+447368377323
+447368378700
+447368118434
+447368760684
+447368328147
+447368982332
+447368220897
+447368379476
+447368494557
+447368240823
+447368073083
+447368149045
+447368506730
+447368886814
+447368328268
+447368787517
+447368930686
+447368341797
+447368618477
+447368214614
+447368965921
+447368274864
+447368951434
+447368600732
+447368228242
+447368257529
+447368190657
+447368413634
+447368773993
+447368179639
+447368623693
+447368638618
+447368330527
+447368959491
+447368906343
+447368725022
+447368658488
+447368984796
+447368198818
+447368343861
+447368245286
+447368697415
+447368494965
+447368104594
+447368797552
+447368982043
+447368185368
+447368148180
+447368031287
+447368024660
+447368668369
+447368965668
+447368958489
+447368499105
+447368432087
+447368076992
+447368327763
+447368823528
+447368653320
+447368022532
+447368300912
+447368245779
+447368927949
+447368622528
+447368581702
+447368631537
+447368691543
+447368398623
+447368448636
+447368227778
+447368880923
+447368495813
+447368148290
+447368670533
+447368814251
+447368080656
+447368469673
+447368333690
+447368381748
+447368683756
+447368537491
+447368702283
+447368349671
+447368001666
+447368709854
+447368511511
+447368668547
+447368795576
+447368018430
+447368430447
+447368896550
+447368719748
+447368943842
+447368063583
+447368687205
+447368969110
+447368836549
+447368355499
+447368766924
+447368490001
+447368433840
+447368821588
+447368323880
+447368489246
+447368630651
+447368918360
+447368509924
+447368779304
+447368966217
+447368381671
+447368890982
+447368674720
+447368516013
+447368391347
+447368650662
+447368145143
+447368967879
+447368243322
+447368908754
+447368310594
+447368363582
+447368059567
+447368537592
+447368494978
+447368146341
+447368342066
+447368188228
+447368698293
+447368676488
+447368706958
+447368790106
+447368116677
+447368546883
+447368202626
+447368423668
+447368719689
+447368317794
+447368945900
+447368614815
+447368689684
+447368296840
+447368813346
+447368164368
+447368070912
+447368153574
+447368250388
+447368488517
+447368796589
+447368689505
+447368426856
+447368594518
+447368790349
+447368917700
+447368537471
+447368381096
+447368030706
+447368233986
+447368940470
+447368978462
+447368990537
+447368145650
+447368467371
+447368988820
+447368890385
+447368285619
+447368257484
+447368306593
+447368877179
+447368317109
+447368060479
+447368907322
+447368242816
+447368447727
+447368260950
+447368425539
+447368525371
+447368015734
+447368371944
+447368187424
+447368983208
+447368779702
+447368914416
+447368717993
+447368081491
+447368232977
+447368687341
+447368577054
+447368194776
+447368597848
+447368740640
+447368565764
+447368491251
+447368559004
+447368023259
+447368337314
+447368033210
+447368840110
+447368907692
+447368422958
+447368340656
+447368460530
+447368388891
+447368981208
+447368957060
+447368601181
+447368536467
+447368954502
+447368082321
+447368416898
+447368306520
+447368632538
+447368264266
+447368899392
+447368394044
+447368618533
+447368312507
+447368717633
+447368958066
+447368658230
+447368713869
+447368071825
+447368096933
+447368995989
+447368928280
+447368443362
+447368920618
+447368921156
+447368431937
+447368142066
+447368775877
+447368541385
+447368312418
+447368696374
+447368553170
+447368119919
+447368246776
+447368842242
+447368766614
+447368149665
+447368381959
+447368884636
+447368894938
+447368425972
+447368842562
+447368515363
+447368606660
+447368531103
+447368994528
+447368812094
+447368980775
+447368359081
+447368130815
+447368628912
+447368170104
+447368900857
+447368038453
+447368558759
+447368999244
+447368819563
+447368604335
+447368238634
+447368283099
+447368115722
+447368090492
+447368376735
+447368584297
+447368194006
+447368514160
+447368762071
+447368108167
+447368024883
+447368706362
+447368053943
+447368454457
+447368089825
+447368270510
+447368429505
+447368731596
+447368194548
+447368901006
+447368039934
+447368970933
+447368962666
+447368929180
+447368505538
+447368526212
+447368300829
+447368653760
+447368033970
+447368452504
+447368880183
+447368916617
+447368150877
+447368131527
+447368505368
+447368434078
+447368824441
+447368220129
+447368732109
+447368430388
+447368059501
+447368075244
+447368318882
+447368507086
+447368938310
+447368067213
+447368214213
+447368399156
+447368477685
+447368291494
+447368428564
+447368240915
+447368078175
+447368864516
+447368481569
+447368502844
+447368430950
+447368398037
+447368246462
+447368832212
+447368485145
+447368510785
+447368552395
+447368336030
+447368171868
+447368244020
+447368747667
+447368439301
+447368766261
+447368858042
+447368413145
+447368885975
+447368779126
+447368519618
+447368950403
+447368998786
+447368797300
+447368511552
+447368158556
+447368883963
+447368054931
+447368733174
+447368446016
+447368703584
+447368763732
+447368655501
+447368485149
+447368345424
+447368251868
+447368520330
+447368482560
+447368581055
+447368378488
+447368611092
+447368901607
+447368172635
+447368186068
+447368830568
+447368517710
+447368330906
+447368221391
+447368855289
+447368665998
+447368078609
+447368094378
+447368890261
+447368061946
+447368727543
+447368250984
+447368244360
+447368923025
+447368318543
+447368374192
+447368871209
+447368782949
+447368603502
+447368993185
+447368253551
+447368488423
+447368543238
+447368610167
+447368869146
+447368560497
+447368604855
+447368025892
+447368663468
+447368341623
+447368434975
+447368823429
+447368096308
+447368757067
+447368078979
+447368187744
+447368815293
+447368560853
+447368659024
+447368933528
+447368590342
+447368269082
+447368214402
+447368058816
+447368002662
+447368011054
+447368975845
+447368093367
+447368522133
+447368430622
+447368240266
+447368737271
+447368810000
+447368415499
+447368255696
+447368305657
+447368415051
+447368688330
+447368363066
+447368935430
+447368214737
+447368792823
+447368216489
+447368088882
+447368035942
+447368060654
+447368004296
+447368831229
+447368595090
+447368519280
+447368523841
+447368020681
+447368477692
+447368522940
+447368149033
+447368513485
+447368069828
+447368174687
+447368205975
+447368705256
+447368906203
+447368271570
+447368903631
+447368057346
+447368523994
+447368740954
+447368370643
+447368189011
+447368369208
+447368419234
+447368446171
+447368759393
+447368213089
+447368015213
+447368724280
+447368597465
+447368526114
+447368713507
+447368544610
+447368216128
+447368333454
+447368483906
+447368760471
+447368539391
+447368692649
+447368827340
+447368897153
+447368838002
+447368089439
+447368875529
+447368452260
+447368233756
+447368221243
+447368997340
+447368747056
+447368388369
+447368604591
+447368331524
+447368232102
+447368235938
+447368280983
+447368469149
+447368607066
+447368363400
+447368339806
+447368921165
+447368788188
+447368459633
+447368911531
+447368720609
+447368044345
+447368227202
+447368867094
+447368425501
+447368522630
+447368294224
+447368645009
+447368923487
+447368390612
+447368159791
+447368801098
+447368061448
+447368044276
+447368127935
+447368998673
+447368585632
+447368095149
+447368593899
+447368818031
+447368096991
+447368402868
+447368344951
+447368546269
+447368914672
+447368875466
+447368793222
+447368726669
+447368638391
+447368736797
+447368704725
+447368011140
+447368598189
+447368049974
+447368292717
+447368604139
+447368771513
+447368850032
+447368971780
+447368377530
+447368135829
+447368957832
+447368856046
+447368166660
+447368913741
+447368330848
+447368056087
+447368402249
+447368881690
+447368894881
+447368228832
+447368575863
+447368842626
+447368278526
+447368134072
+447368176352
+447368598095
+447368215506
+447368403590
+447368951884
+447368558556
+447368996665
+447368088691
+447368160556
+447368296491
+447368122216
+447368594550
+447368498953
+447368792121
+447368129773
+447368109629
+447368101472
+447368428967
+447368001120
+447368826140
+447368557805
+447368755098
+447368686263
+447368197725
+447368731829
+447368176962
+447368309239
+447368073261
+447368603633
+447368262177
+447368791624
+447368835956
+447368398049
+447368672815
+447368389736
+447368224229
+447368018470
+447368711212
+447368377184
+447368235160
+447368956329
+447368778767
+447368914982
+447368091372
+447368177046
+447368969116
+447368026058
+447368923976
+447368759208
+447368417159
+447368288558
+447368847887
+447368760748
+447368048818
+447368415092
+447368388712
+447368998808
+447368448296
+447368224947
+447368315926
+447368963438
+447368953150
+447368065167
+447368496174
+447368370263
+447368207185
+447368272693
+447368933121
+447368429907
+447368463768
+447368857917
+447368442735
+447368299727
+447368376221
+447368720673
+447368285678
+447368862415
+447368929252
+447368971498
+447368305943
+447368913353
+447368240468
+447368837163
+447368886322
+447368214660
+447368263485
+447368672035
+447368559184
+447368764359
+447368200280
+447368878606
+447368766266
+447368457032
+447368542278
+447368193540
+447368047823
+447368472059
+447368136625
+447368898083
+447368950944
+447368316507
+447368037165
+447368762654
+447368093080
+447368600709
+447368793508
+447368056853
+447368550018
+447368225790
+447368350435
+447368853646
+447368541169
+447368697319
+447368129063
+447368614738
+447368740677
+447368523841
+447368456748
+447368047997
+447368186371
+447368949501
+447368192662
+447368719453
+447368951961
+447368913323
+447368553004
+447368745306
+447368592850
+447368672757
+447368711039
+447368095344
+447368070312
+447368590256
+447368965780
+447368084564
+447368909359
+447368943999
+447368201530
+447368338048
+447368846498
+447368354879
+447368368708
+447368773482
+447368719517
+447368101273
+447368978758
+447368489261
+447368684719
+447368440538
+447368729528
+447368818975
+447368945929
+447368328650
+447368987198
+447368500486
+447368495613
+447368369456
+447368929165
+447368440007
+447368120954
+447368263309
+447368795412
+447368402310
+447368748369
+447368138906
+447368332195
+447368051856
+447368325860
+447368958846
+447368161985
+447368317010
+447368554479
+447368688794
+447368037513
+447368992296
+447368595873
+447368575077
+447368237143
+447368143672
+447368129089
+447368718851
+447368952797
+447368198898
+447368638913
+447368333805
+447368853954
+447368990934
+447368699430
+447368736078
+447368715401
+447368642852
+447368179835
+447368998795
+447368841883
+447368335941
+447368090949
+447368417876
+447368510392
+447368859925
+447368826105
+447368806931
+447368652984
+447368322971
+447368880807
+447368738836
+447368617160
+447368643218
+447368440670
+447368232470
+447368775992
+447368323971
+447368118351
+447368990018
+447368463458
+447368146631
+447368339128
+447368230462
+447368045247
+447368233429
+447368777741
+447368553023
+447368807887
+447368120480
+447368135628
+447368763539
+447368281120
+447368612512
+447368590128
+447368475088
+447368741808
+447368303549
+447368795778
+447368930604
+447368802353
+447368371248
+447368303184
+447368494521
+447368331773
+447368558990
+447368443500
+447368895364
+447368159639
+447368139347
+447368134623
+447368133704
+447368318277
+447368492623
+447368507716
+447368663760
+447368223304
+447368126723
+447368084609
+447368459472
+447368947336
+447368514185
+447368070874
+447368676197
+447368697282
+447368349042
+447368328894
+447368552540
+447368372564
+447368919546
+447368847988
+447368820295
+447368242281
+447368669978
+447368996281
+447368748381
+447368995473
+447368615289
+447368997560
+447368294834
+447368869770
+447368230068
+447368413909
+447368494642
+447368599709
+447368526326
+447368625719
+447368923356
+447368295853
+447368284117
+447368113700
+447368053504
+447368109067
+447368365727
+447368654854
+447368308147
+447368319327
+447368720314
+447368452848
+447368196199
+447368777299
+447368423466
+447368165541
+447368143394
+447368411058
+447368558341
+447368174190
+447368405833
+447368759065
+447368804230
+447368390926
+447368470040
+447368909767
+447368528710
+447368025696
+447368994479
+447368684286
+447368406151
+447368862290
+447368934323
+447368893428
+447368528122
+447368095897
+447368189432
+447368981313
+447368605935
+447368125412
+447368860996
+447368835565
+447368355051
+447368539646
+447368320175
+447368917657
+447368248819
+447368493723
+447368262213
+447368284694
+447368597417
+447368348049
+447368031755
+447368797849
+447368851073
+447368330053
+447368783434
+447368837253
+447368581804
+447368095855
+447368692267
+447368255774
+447368603461
+447368738521
+447368636020
+447368335594
+447368378447
+447368040641
+447368764105
+447368895393
+447368782214
+447368254220
+447368803964
+447368205477
+447368900418
+447368680771
+447368193885
+447368227624
+447368881524
+447368649504
+447368967957
+447368059024
+447368389550
+447368368083
+447368316675
+447368287173
+447368779508
+447368733443
+447368069483
+447368463598
+447368698783
+447368718047
+447368996538
+447368023936
+447368915771
+447368337707
+447368529884
+447368370532
+447368818443
+447368232847
+447368487453
+447368163052
+447368941164
+447368553157
+447368965765
+447368568305
+447368963881
+447368521714
+447368224986
+447368937254
+447368788759
+447368047755
+447368312441
+447368639065
+447368709649
+447368567019
+447368749764
+447368616009
+447368772952
+447368047540
+447368917797
+447368849065
+447368042917
+447368597919
+447368359098
+447368944678
+447368946238
+447368628240
+447368199183
+447368878294
+447368292395
+447368057342
+447368420824
+447368170168
+447368495064
+447368452987
+447368767081
+447368435056
+447368149938
+447368792357
+447368632190
+447368209497
+447368171019
+447368118159
+447368234266
+447368035365
+447368407937
+447368690375
+447368549119
+447368062504
+447368802739
+447368055353
+447368221301
+447368071854
+447368321175
+447368084149
+447368642116
+447368654617
+447368599229
+447368351607
+447368453202
+447368797111
+447368636513
+447368591931
+447368262975
+447368273731
+447368376330
+447368741750
+447368664836
+447368149430
+447368131145
+447368215066
+447368964701
+447368735246
+447368164108
+447368345687
+447368347648
+447368722078
+447368522020
+447368715700
+447368542968
+447368741794
+447368516539
+447368647186
+447368173416
+447368166889
+447368780607
+447368682013
+447368951996
+447368183499
+447368709687
+447368417510
+447368206715
+447368410589
+447368739504
+447368494551
+447368816728
+447368208812
+447368309296
+447368493173
+447368108848
+447368531317
+447368759366
+447368384510
+447368573042
+447368137237
+447368690672
+447368762634
+447368126554
+447368715542
+447368747846
+447368492326
+447368420681
+447368478102
+447368171898
+447368425132
+447368492691
+447368615529
+447368929854
+447368768830
+447368828775
+447368295997
+447368315600
+447368461701
+447368609308
+447368841316
+447368373349
+447368440184
+447368538134
+447368751365
+447368032057
+447368339049
+447368575872
+447368876447
+447368722423
+447368035344
+447368428635
+447368081140
+447368381804
+447368706981
+447368313301
+447368726412
+447368614028
+447368248511
+447368652244
+447368433188
+447368683925
+447368529193
+447368470512
+447368830575
+447368357712
+447368489283
+447368619333
+447368238296
+447368133040
+447368496354
+447368962912
+447368805390
+447368467342
+447368405886
+447368115550
+447368983483
+447368466069
+447368224156
+447368032323
+447368552142
+447368126104
+447368355612
+447368328288
+447368755448
+447368081165
+447368694640
+447368440255
+447368205760
+447368716961
+447368870079
+447368361592
+447368255391
+447368416606
+447368012435
+447368173306
+447368998850
+447368657779
+447368274921
+447368381083
+447368931695
+447368873069
+447368862881
+447368246521
+447368741634
+447368286822
+447368463877
+447368662965
+447368314106
+447368936583
+447368805599
+447368056767
+447368075018
+447368083814
+447368819030
+447368869123
+447368032702
+447368890453
+447368470172
+447368418268
+447368773225
+447368623939
+447368231128
+447368117105
+447368138619
+447368421787
+447368704739
+447368201349
+447368295163
+447368412568
+447368609339
+447368505442
+447368136353
+447368340936
+447368498912
+447368793204
+447368927857
+447368185858
+447368225799
+447368294646
+447368217704
+447368844141
+447368963019
+447368144540
+447368406883
+447368526738
+447368803822
+447368669681
+447368133346
+447368253420
+447368666784
+447368279996
+447368875621
+447368527337
+447368144523
+447368574015
+447368587504
+447368015160
+447368837085
+447368440679
+447368412368
+447368603167
+447368935979
+447368639092
+447368707840
+447368435091
+447368999525
+447368450540
+447368426077
+447368487041
+447368324367
+447368441007
+447368162336
+447368148591
+447368182821
+447368651980
+447368620920
+447368801083
+447368794988
+447368401489
+447368925916
+447368020116
+447368083983
+447368893112
+447368272895
+447368702096
+447368559873
+447368122950
+447368011729
+447368867621
+447368995742
+447368368867
+447368075661
+447368291629
+447368950567
+447368748049
+447368473260
+447368766409
+447368273846
+447368716308
+447368517912
+447368505836
+447368423052
+447368324220
+447368579810
+447368353429
+447368683340
+447368518454
+447368446191
+447368203704
+447368358307
+447368211569
+447368443561
+447368766242
+447368786214
+447368979435
+447368401704
+447368911931
+447368808352
+447368633777
+447368144504
+447368362022
+447368118762
+447368394242
+447368216172
+447368184078
+447368982549
+447368009402
+447368177283
+447368591265
+447368054388
+447368435014
+447368574196
+447368536429
+447368093364
+447368045869
+447368851867
+447368184532
+447368967495
+447368723361
+447368877277
+447368772331
+447368004836
+447368495632
+447368763364
+447368526630
+447368340089
+447368243414
+447368028372
+447368149329
+447368567929
+447368888720
+447368011887
+447368475795
+447368550311
+447368903754
+447368046543
+447368925950
+447368174202
+447368911087
+447368200128
+447368758535
+447368304720
+447368477651
+447368657158
+447368341288
+447368123700
+447368154713
+447368635656
+447368847999
+447368393913
+447368481597
+447368542443
+447368066164
+447368105485
+447368870013
+447368795345
+447368559065
+447368815840
+447368282842
+447368343375
+447368894886
+447368151528
+447368999098
+447368543697
+447368378461
+447368372879
+447368845709
+447368311303
+447368307834
+447368043239
+447368901155
+447368628964
+447368326429
+447368592819
+447368138878
+447368650998
+447368480497
+447368545401
+447368613016
+447368468218
+447368087925
+447368618279
+447368840831
+447368996983
+447368844940
+447368561384
+447368137090
+447368038923
+447368267717
+447368410593
+447368890688
+447368443689
+447368511178
+447368613650
+447368016562
+447368322702
+447368675454
+447368088713
+447368916262
+447368544558
+447368501451
+447368267578
+447368169244
+447368510337
+447368185661
+447368432174
+447368622462
+447368578535
+447368314153
+447368074493
+447368022381
+447368083760
+447368162632
+447368045514
+447368628890
+447368001935
+447368677666
+447368366694
+447368304280
+447368438434
+447368174940
+447368746768
+447368319503
+447368597911
+447368162798
+447368667121
+447368258966
+447368260764
+447368019333
+447368216787
+447368165335
+447368414551
+447368220170
+447368493154
+447368665891
+447368403270
+447368593281
+447368394590
+447368508065
+447368180804
+447368358768
+447368850063
+447368463073
+447368796413
+447368799693
+447368719428
+447368816401
+447368455945
+447368134523
+447368114347
+447368357433
+447368927427
+447368913519
+447368212354
+447368078873
+447368054896
+447368307108
+447368099198
+447368035007
+447368952661
+447368167682
+447368604760
+447368290024
+447368249400
+447368406073
+447368728072
+447368368910
+447368669169
+447368555064
+447368054544
+447368825220
+447368684543
+447368178881
+447368352033
+447368432360
+447368413314
+447368324147
+447368035293
+447368872477
+447368647045
+447368095465
+447368378518
+447368113513
+447368400082
+447368907196
+447368248180
+447368316613
+447368593016
+447368755949
+447368565858
+447368043874
+447368558528
+447368917061
+447368479826
+447368656950
+447368425393
+447368006082
+447368607429
+447368318305
+447368611906
+447368932895
+447368497308
+447368418862
+447368179609
+447368265572
+447368609110
+447368048012
+447368791013
+447368332285
+447368615182
+447368461055
+447368019407
+447368229670
+447368201206
+447368753836
+447368371953
+447368821219
+447368137167
+447368198072
+447368308239
+447368450068
+447368675923
+447368902323
+447368502288
+447368959825
+447368018157
+447368164642
+447368713883
+447368593177
+447368918604
+447368916612
+447368175035
+447368736377
+447368608419
+447368414966
+447368028763
+447368752414
+447368905115
+447368380985
+447368596091
+447368084980
+447368962462
+447368995537
+447368795998
+447368314613
+447368437060
+447368328366
+447368943681
+447368358322
+447368667034
+447368727237
+447368996511
+447368493743
+447368072465
+447368071183
+447368967475
+447368050433
+447368623266
+447368473111
+447368841883
+447368858160
+447368330980
+447368585775
+447368993115
+447368219145
+447368339021
+447368681176
+447368645881
+447368170518
+447368901083
+447368687819
+447368535824
+447368192054
+447368770168
+447368510880
+447368450541
+447368695896
+447368166765
+447368612705
+447368178861
+447368690500
+447368767624
+447368530240
+447368034677
+447368897704
+447368209703
+447368193121
+447368952510
+447368363305
+447368604703
+447368545720
+447368311833
+447368051758
+447368069441
+447368422736
+447368889879
+447368139037
+447368826749
+447368696015
+447368617238
+447368519383
+447368766266
+447368580277
+447368778783
+447368269068
+447368634693
+447368400759
+447368186139
+447368007715
+447368311202
+447368407640
+447368379125
+447368068613
+447368316505
+447368885101
+447368578590
+447368261098
+447368173314
+447368615004
+447368141283
+447368206952
+447368361363
+447368748010
+447368208925
+447368586180
+447368177430
+447368456424
+447368278933
+447368569083
+447368441077
+447368305767
+447368147909
+447368476985
+447368455992
+447368859060
+447368787318
+447368263059
+447368552256
+447368111023
+447368584438
+447368149437
+447368623359
+447368909310
+447368878070
+447368935077
+447368104374
+447368455610
+447368754157
+447368748653
+447368205271
+447368530178
+447368587280
+447368756117
+447368281559
+447368717766
+447368282049
+447368637218
+447368907096
+447368344488
+447368565121
+447368988682
+447368342046
+447368831418
+447368484138
+447368531655
+447368802501
+447368839805
+447368385178
+447368081646
+447368517078
+447368158794
+447368219176
+447368453736
+447368798157
+447368412561
+447368656427
+447368897655
+447368829417
+447368600321
+447368629584
+447368317612
+447368732194
+447368166193
+447368658792
+447368343185
+447368612588
+447368974804
+447368592983
+447368818816
+447368016871
+447368141247
+447368519666
+447368474734
+447368641446
+447368449893
+447368148780
+447368002050
+447368077032
+447368479847
+447368854360
+447368027986
+447368930698
+447368811722
+447368666169
+447368257307
+447368553598
+447368204712
+447368445301
+447368657245
+447368431119
+447368035504
+447368712416
+447368124493
+447368915492
+447368214514
+447368933183
+447368634595
+447368195510
+447368144569
+447368059650
+447368832983
+447368812075
+447368334723
+447368362820
+447368229032
+447368124565
+447368400436
+447368277552
+447368344243
+447368531008
+447368958742
+447368493068
+447368523014
+447368646372
+447368072981
+447368242495
+447368963234
+447368412805
+447368519611
+447368158425
+447368408018
+447368727961
+447368823092
+447368284852
+447368034807
+447368556498
+447368724662
+447368601767
+447368504017
+447368087032
+447368699768
+447368660676
+447368630477
+447368484794
+447368930752
+447368656167
+447368115252
+447368856795
+447368255359
+447368672143
+447368807897
+447368517625
+447368188070
+447368247875
+447368081996
+447368925674
+447368724749
+447368129621
+447368098166
+447368276523
+447368399944
+447368595893
+447368529051
+447368001867
+447368417632
+447368816466
+447368824950
+447368671524
+447368726429
+447368976036
+447368943516
+447368687297
+447368269347
+447368727619
+447368558665
+447368945732
+447368347907
+447368398199
+447368893427
+447368685791
+447368299214
+447368064579
+447368260132
+447368641980
+447368277463
+447368405767
+447368053182
+447368386552
+447368150081
+447368447645
+447368089295
+447368199414
+447368744924
+447368735924
+447368036732
+447368700228
+447368369679
+447368776812
+447368538096
+447368946794
+447368551621
+447368763045
+447368507338
+447368576734
+447368669692
+447368547885
+447368416899
+447368791506
+447368396164
+447368984243
+447368438596
+447368856319
+447368177976
+447368213762
+447368681442
+447368580458
+447368933402
+447368895921
+447368492318
+447368094402
+447368419701
+447368669026
+447368257570
+447368416363
+447368882011
+447368286633
+447368490425
+447368363425
+447368152765
+447368010727
+447368459173
+447368180396
+447368234425
+447368311250
+447368838868
+447368343330
+447368319037
+447368355575
+447368816709
+447368946187
+447368434332
+447368256596
+447368924311
+447368957908
+447368508727
+447368680640
+447368357732
+447368882547
+447368595209
+447368322534
+447368068810
+447368539912
+447368427994
+447368752698
+447368567579
+447368608456
+447368594322
+447368632380
+447368014428
+447368397310
+447368732642
+447368125979
+447368192852
+447368129049
+447368736695
+447368396170
+447368118306
+447368185938
+447368936757
+447368364324
+447368785995
+447368081189
+447368303702
+447368423562
+447368633470
+447368537877
+447368536121
+447368231871
+447368080291
+447368354466
+447368228473
+447368539740
+447368091947
+447368162276
+447368618624
+447368810127
+447368677537
+447368753098
+447368471002
+447368971079
+447368381712
+447368006094
+447368531138
+447368015252
+447368746948
+447368103009
+447368520026
+447368327193
+447368577539
+447368227466
+447368393890
+447368977648
+447368871067
+447368415310
+447368727547
+447368397664
+447368755565
+447368091932
+447368046276
+447368218202
+447368597677
+447368595695
+447368100806
+447368214112
+447368496700
+447368485388
+447368538124
+447368320903
+447368520330
+447368427608
+447368644631
+447368899513
+447368465746
+447368976436
+447368103319
+447368672920
+447368878124
+447368348478
+447368451540
+447368527137
+447368492561
+447368635497
+447368977301
+447368943277
+447368197561
+447368665269
+447368707104
+447368592542
+447368095805
+447368459143
+447368148274
+447368380349
+447368694975
+447368959688
+447368663920
+447368993353
+447368974306
+447368921365
+447368932906
+447368486937
+447368283982
+447368902968
+447368515224
+447368885675
+447368568968
+447368772537
+447368275690
+447368541534
+447368905300
+447368758704
+447368139710
+447368332827
+447368828650
+447368388029
+447368594614
+447368268907
+447368273842
+447368461201
+447368200390
+447368379881
+447368913342
+447368648808
+447368439950
+447368679173
+447368862199
+447368524368
+447368390337
+447368451389
+447368425526
+447368052279
+447368999756
+447368577041
+447368159000
+447368183478
+447368484190
+447368160713
+447368295577
+447368567454
+447368266609
+447368924889
+447368967450
+447368000871
+447368855104
+447368372670
+447368686411
+447368629035
+447368713524
+447368441642
+447368167761
+447368929745
+447368018937
+447368320587
+447368375680
+447368653136
+447368039276
+447368029785
+447368069441
+447368481245
+447368189806
+447368836927
+447368597348
+447368538488
+447368833894
+447368062026
+447368080513
+447368010876
+447368574635
+447368246746
+447368886540
+447368824439
+447368554713
+447368306493
+447368261128
+447368970456
+447368944950
+447368911977
+447368203414
+447368591258
+447368009288
+447368846032
+447368139705
+447368113886
+447368154181
+447368297202
+447368689405
+447368416508
+447368917945
+447368555777
+447368400089
+447368481345
+447368644975
+447368986917
+447368585537
+447368545295
+447368279314
+447368623460
+447368419043
+447368305901
+447368324331
+447368354824
+447368558069
+447368597422
+447368818890
+447368725107
+447368800212
+447368326583
+447368043695
+447368691969
+447368630121
+447368814327
+447368470067
+447368220807
+447368018087
+447368857268
+447368071838
+447368474663
+447368488233
+447368132237
+447368539124
+447368279481
+447368158574
+447368661026
+447368478176
+447368261644
+447368085795
+447368922956
+447368576289
+447368990867
+447368209470
+447368597477
+447368758876
+447368241679
+447368403363
+447368487519
+447368680726
+447368188037
+447368410269
+447368953758
+447368436358
+447368911875
+447368791457
+447368762648
+447368650555
+447368778537
+447368966121
+447368136177
+447368236406
+447368702458
+447368144687
+447368244378
+447368987556
+447368954177
+447368298511
+447368488962
+447368752951
+447368511508
+447368386049
+447368069257
+447368014196
+447368968649
+447368609896
+447368942770
+447368482062
+447368980405
+447368907992
+447368412386
+447368992408
+447368549850
+447368236211
+447368347550
+447368904742
+447368285529
+447368771095
+447368175406
+447368649716
+447368189663
+447368254616
+447368315289
+447368606138
+447368412865
+447368229610
+447368671294
+447368994580
+447368035283
+447368015056
+447368688489
+447368807429
+447368808973
+447368338125
+447368696341
+447368437161
+447368183133
+447368716452
+447368662575
+447368953150
+447368854431
+447368645447
+447368659763
+447368115352
+447368729443
+447368869498
+447368466631
+447368243730
+447368759446
+447368049148
+447368639595
+447368065526
+447368454985
+447368914580
+447368712684
+447368538200
+447368968966
+447368866596
+447368787865
+447368647635
+447368229371
+447368041600
+447368779766
+447368276675
+447368213170
+447368904150
+447368669805
+447368084425
+447368026890
+447368905546
+447368420685
+447368816049
+447368972206
+447368814454
+447368300151
+447368751238
+447368472840
+447368790087
+447368390517
+447368651495
+447368110170
+447368119263
+447368339352
+447368748893
+447368452729
+447368095135
+447368586154
+447368613482
+447368280535
+447368563678
+447368206096
+447368147236
+447368915783
+447368728705
+447368468019
+447368491012
+447368234067
+447368673632
+447368273787
+447368214666
+447368676700
+447368052682
+447368526231
+447368255901
+447368475176
+447368475557
+447368524357
+447368122583
+447368000948
